##Falco	1.2.4
>>Basic Statistics	pass
#Measure	Value
Filename	GSM461180_subsampled_forward
File type	Conventional base calls
Encoding	Sanger / Illumina 1.9
Total Sequences	1226483
Sequences flagged as poor quality	0
Sequence length	37
%GC	56
>>END_MODULE
>>Per base sequence quality	pass
#Base	Mean	Median	Lower Quartile	Upper Quartile	10th Percentile	90th Percentile
1	39.539	40	40	40	40	40
2	39.8471	40	40	40	40	40
3	39.8556	40	40	40	40	40
4	39.7032	40	40	40	40	40
5	39.7205	40	40	40	40	40
6	39.7918	40	40	40	40	40
7	39.8111	40	40	40	40	40
8	39.7732	40	40	40	40	40
9	39.8115	40	40	40	40	40
10	39.7861	40	40	40	40	40
11	39.8308	40	40	40	40	40
12	39.8537	40	40	40	40	40
13	39.5223	40	40	40	40	40
14	39.4401	40	40	40	40	40
15	39.3663	40	40	40	40	40
16	39.3002	40	40	40	40	40
17	39.1885	40	40	40	40	40
18	39.0715	40	40	40	40	40
19	38.8136	40	40	40	40	40
20	38.6489	40	40	40	40	40
21	38.5176	40	40	40	40	40
22	38.3422	40	40	40	40	40
23	37.8114	40	40	40	34	40
24	37.3759	40	40	40	30	40
25	36.7228	40	40	40	25	40
26	36.0532	40	40	40	21	40
27	35.8124	40	40	40	20	40
28	34.8333	40	38	40	15	40
29	34.8237	40	37	40	16	40
30	34.1481	40	33	40	14	40
31	33.5486	40	31	40	12	40
32	32.8554	40	28	40	11	40
33	32.2449	40	26	40	10	40
34	31.8646	40	25	40	10	40
35	30.9427	40	22	40	9	40
36	30.1824	40	20	40	8	40
37	29.2942	40	18	40	7	40
>>END_MODULE
>>Per tile sequence quality	fail
#Tile	Base	Mean
1	1	0.335521
1	2	0.0713226
1	3	-0.0588904
1	4	0.122377
1	5	0.0305931
1	6	-0.00239803
1	7	0.0346834
1	8	0.020564
1	9	0.0869098
1	10	0.0275165
1	11	0.00642131
1	12	0.0905603
1	13	0.0964999
1	14	0.189374
1	15	-0.0569662
1	16	-0.102693
1	17	0.0972719
1	18	-0.0195066
1	19	0.151018
1	20	0.151574
1	21	0.194014
1	22	-0.0154599
1	23	0.0949744
1	24	0.371556
1	25	0.794315
1	26	1.37612
1	27	0.998446
1	28	2.17976
1	29	1.55699
1	30	2.16439
1	31	1.76855
1	32	1.60391
1	33	2.09019
1	34	2.54919
1	35	2.4041
1	36	3.12469
1	37	2.5833
2	1	0.270999
2	2	0.0333975
2	3	0.0439393
2	4	0.067611
2	5	0.170656
2	6	0.125433
2	7	0.0619707
2	8	0.129789
2	9	0.0746857
2	10	0.121912
2	11	0.100476
2	12	0.0739369
2	13	0.169844
2	14	0.091354
2	15	-0.0423971
2	16	0.021657
2	17	0.0911593
2	18	0.184687
2	19	0.244445
2	20	0.13564
2	21	-0.00574786
2	22	0.0817642
2	23	0.38285
2	24	0.599769
2	25	0.927577
2	26	1.57426
2	27	0.920162
2	28	2.11978
2	29	1.21245
2	30	2.01889
2	31	2.46377
2	32	2.1079
2	33	2.23768
2	34	2.24696
2	35	2.58753
2	36	2.8111
2	37	3.03327
3	1	-0.0176009
3	2	0.0384828
3	3	-0.0170954
3	4	0.0753737
3	5	0.0698896
3	6	0.0442009
3	7	0.0717842
3	8	0.03566
3	9	0.0206998
3	10	0.018065
3	11	0.0478134
3	12	0.0609182
3	13	0.0779022
3	14	0.216825
3	15	0.239975
3	16	0.221068
3	17	0.0477067
3	18	0.186905
3	19	0.277516
3	20	0.580228
3	21	0.149076
3	22	0.456336
3	23	0.708071
3	24	0.92941
3	25	1.18391
3	26	1.79875
3	27	1.65283
3	28	2.5903
3	29	2.33659
3	30	2.79885
3	31	2.69952
3	32	3.1009
3	33	3.58207
3	34	2.97107
3	35	3.59777
3	36	4.21432
3	37	3.9676
4	1	-0.0544379
4	2	0.00148347
4	3	0.0618772
4	4	0.181713
4	5	0.0390046
4	6	-0.0101239
4	7	0.0989374
4	8	0.034914
4	9	0.0882502
4	10	0.100136
4	11	0.0538028
4	12	0.0638193
4	13	0.109579
4	14	0.0708628
4	15	0.164494
4	16	0.369312
4	17	0.239594
4	18	0.213922
4	19	0.475288
4	20	0.371504
4	21	0.514005
4	22	0.500092
4	23	0.761375
4	24	0.996397
4	25	1.47031
4	26	2.02887
4	27	1.83576
4	28	2.86666
4	29	2.47857
4	30	2.68477
4	31	2.97868
4	32	3.11776
4	33	3.18641
4	34	4.07934
4	35	3.53897
4	36	4.42375
4	37	4.51535
5	1	0.0969469
5	2	0.0105307
5	3	0.0205444
5	4	0.148525
5	5	0.14228
5	6	0.0744776
5	7	0.040567
5	8	0.140583
5	9	0.0623586
5	10	0.14
5	11	0.00844515
5	12	0.111776
5	13	0.11556
5	14	-0.0659215
5	15	0.151068
5	16	0.0587228
5	17	0.254664
5	18	0.259151
5	19	0.402813
5	20	0.400722
5	21	0.278607
5	22	0.562741
5	23	0.624543
5	24	0.591073
5	25	1.10652
5	26	1.79098
5	27	2.11448
5	28	2.22566
5	29	2.19829
5	30	2.48282
5	31	2.09426
5	32	2.89457
5	33	2.64063
5	34	2.41541
5	35	3.28047
5	36	2.60997
5	37	3.73223
6	1	0.0446316
6	2	0.0455512
6	3	-0.0109755
6	4	0.0368481
6	5	0.0726558
6	6	0.0976493
6	7	0.0126885
6	8	0.031767
6	9	0.0573116
6	10	0.114873
6	11	0.135708
6	12	0.0748511
6	13	0.226204
6	14	0.0984749
6	15	0.162975
6	16	0.27178
6	17	0.02925
6	18	0.285646
6	19	0.308199
6	20	0.452851
6	21	0.586446
6	22	0.599884
6	23	1.04494
6	24	1.03
6	25	1.50594
6	26	1.926
6	27	1.70675
6	28	3.09749
6	29	2.57633
6	30	2.60846
6	31	2.26649
6	32	1.37613
6	33	3.08054
6	34	3.93949
6	35	3.73995
6	36	3.80558
6	37	3.90187
7	1	0.274499
7	2	0.072337
7	3	0.0691555
7	4	0.0879472
7	5	-0.0106092
7	6	0.056565
7	7	0.0817758
7	8	0.0157427
7	9	0.0911145
7	10	0.100352
7	11	-0.0280253
7	12	0.0635397
7	13	0.0704943
7	14	0.211482
7	15	0.241963
7	16	0.272835
7	17	0.394732
7	18	0.432567
7	19	0.262238
7	20	0.494905
7	21	-0.509764
7	22	0.36822
7	23	0.673342
7	24	0.151714
7	25	0.798131
7	26	1.84719
7	27	1.13276
7	28	1.83701
7	29	1.21784
7	30	2.41993
7	31	2.94058
7	32	2.46808
7	33	3.25788
7	34	2.85941
7	35	2.2842
7	36	2.75865
7	37	2.70724
8	1	0.198925
8	2	-0.0387214
8	3	-0.024724
8	4	-0.17963
8	5	0.0631647
8	6	0.108194
8	7	0.039245
8	8	0.132733
8	9	0.0899496
8	10	0.117856
8	11	0.0858544
8	12	0.0546351
8	13	0.250648
8	14	-0.00591732
8	15	0.170272
8	16	0.310859
8	17	0.182523
8	18	0.344803
8	19	0.364719
8	20	0.294931
8	21	0.292836
8	22	0.335789
8	23	0.565263
8	24	0.573377
8	25	1.22998
8	26	1.53637
8	27	1.28065
8	28	2.1946
8	29	1.69535
8	30	2.23793
8	31	2.69398
8	32	2.78367
8	33	3.20977
8	34	2.99882
8	35	2.50264
8	36	1.49775
8	37	3.52314
9	1	-0.123104
9	2	0.0793781
9	3	0.0731423
9	4	-0.144277
9	5	0.0912972
9	6	0.026836
9	7	0.0572497
9	8	0.150185
9	9	0.0933306
9	10	0.0554874
9	11	-0.00443485
9	12	0.0759392
9	13	0.339325
9	14	0.133775
9	15	0.125882
9	16	-0.219431
9	17	0.178782
9	18	0.290592
9	19	0.191719
9	20	0.653624
9	21	0.341869
9	22	0.240757
9	23	0.760975
9	24	1.02641
9	25	1.42805
9	26	1.91222
9	27	2.15725
9	28	2.80933
9	29	2.32998
9	30	2.39344
9	31	3.37908
9	32	3.31425
9	33	2.98214
9	34	2.8715
9	35	4.06307
9	36	2.83418
9	37	4.23283
10	1	-0.3316
10	2	0.00842593
10	3	0.0725699
10	4	-0.102867
10	5	-0.064255
10	6	0.103152
10	7	-0.0175544
10	8	0.0385657
10	9	0.0904196
10	10	0.0330536
10	11	0.0566295
10	12	0.0621717
10	13	0.120042
10	14	0.158219
10	15	0.355865
10	16	0.384685
10	17	0.174315
10	18	0.0636124
10	19	0.272946
10	20	0.377644
10	21	0.508922
10	22	-0.124612
10	23	0.620445
10	24	1.32513
10	25	0.795576
10	26	1.14308
10	27	1.61262
10	28	2.28942
10	29	1.08663
10	30	2.18662
10	31	1.97198
10	32	2.83651
10	33	2.86444
10	34	2.95621
10	35	3.35139
10	36	3.11323
10	37	2.89344
11	1	0.266103
11	2	0.0161471
11	3	0.0295964
11	4	-0.00727175
11	5	0.0714918
11	6	0.156601
11	7	0.0589143
11	8	0.0885184
11	9	0.0977784
11	10	0.139996
11	11	0.136716
11	12	0.0402149
11	13	0.23509
11	14	0.289467
11	15	0.293432
11	16	0.0786286
11	17	0.318296
11	18	0.0295835
11	19	0.117651
11	20	0.301334
11	21	0.122456
11	22	0.406116
11	23	-0.14543
11	24	0.495894
11	25	0.930657
11	26	1.27128
11	27	1.78775
11	28	1.7524
11	29	2.24143
11	30	2.70129
11	31	2.02503
11	32	2.2811
11	33	2.73011
11	34	3.54469
11	35	2.88358
11	36	3.35761
11	37	3.05257
12	1	-0.150859
12	2	0.0605105
12	3	-0.0392419
12	4	0.136735
12	5	0.144158
12	6	0.0987696
12	7	0.0217063
12	8	0.154117
12	9	0.121451
12	10	0.0763404
12	11	0.144153
12	12	0.0429867
12	13	0.000799246
12	14	0.360912
12	15	0.134861
12	16	0.311869
12	17	0.318735
12	18	0.0484055
12	19	0.413115
12	20	0.204075
12	21	0.173515
12	22	0.380462
12	23	0.223885
12	24	0.975909
12	25	0.944529
12	26	1.47301
12	27	1.45079
12	28	1.16743
12	29	1.72176
12	30	1.71491
12	31	2.13616
12	32	3.20684
12	33	2.24099
12	34	2.6178
12	35	2.08852
12	36	3.17946
12	37	3.10704
13	1	0.224006
13	2	0.0027023
13	3	0.103048
13	4	-0.0194202
13	5	0.0859444
13	6	0.103256
13	7	-0.00716831
13	8	0.0562816
13	9	0.0763451
13	10	0.0777545
13	11	0.0770496
13	12	0.0407433
13	13	0.101285
13	14	0.0972882
13	15	0.0885341
13	16	0.199829
13	17	0.15435
13	18	0.416128
13	19	0.552734
13	20	0.395301
13	21	0.410282
13	22	0.323052
13	23	0.702264
13	24	0.825919
13	25	1.54107
13	26	1.94051
13	27	1.77861
13	28	0.936739
13	29	2.15282
13	30	2.12347
13	31	2.52131
13	32	3.33589
13	33	2.31915
13	34	3.06769
13	35	3.20822
13	36	4.0976
13	37	3.32721
14	1	0.174389
14	2	0.0547721
14	3	0.0361759
14	4	0.00277071
14	5	0.0894413
14	6	0.117576
14	7	0.0246125
14	8	0.121775
14	9	0.130654
14	10	0.0931922
14	11	0.107934
14	12	0.0476004
14	13	0.106693
14	14	0.190066
14	15	0.0466653
14	16	0.19431
14	17	0.0561403
14	18	0.270156
14	19	0.249072
14	20	0.131695
14	21	0.193153
14	22	0.258183
14	23	0.703809
14	24	-0.105364
14	25	1.57625
14	26	1.3337
14	27	2.06152
14	28	2.12939
14	29	2.25814
14	30	2.53126
14	31	2.43095
14	32	2.91067
14	33	3.57203
14	34	2.40229
14	35	3.42697
14	36	3.6668
14	37	3.44077
15	1	-0.0410878
15	2	0.0422821
15	3	0.0107563
15	4	0.147953
15	5	0.113345
15	6	0.0295006
15	7	0.0422859
15	8	0.0481939
15	9	0.0736745
15	10	0.0693827
15	11	0.0227213
15	12	0.0748682
15	13	0.0934061
15	14	0.217215
15	15	0.317893
15	16	-0.0312791
15	17	0.12126
15	18	0.266838
15	19	0.257139
15	20	0.58063
15	21	0.425523
15	22	0.68903
15	23	0.604776
15	24	1.00861
15	25	0.842766
15	26	1.59441
15	27	1.59328
15	28	2.80788
15	29	2.50067
15	30	2.46516
15	31	2.52612
15	32	1.96772
15	33	3.48995
15	34	3.44124
15	35	2.13785
15	36	3.44167
15	37	1.80204
16	1	-0.22368
16	2	0.0610236
16	3	0.0319035
16	4	0.114172
16	5	0.0342144
16	6	0.0944507
16	7	0.0779239
16	8	0.0688047
16	9	0.0991711
16	10	0.0940365
16	11	0.102296
16	12	0.0694526
16	13	0.147439
16	14	0.170394
16	15	0.258616
16	16	0.276687
16	17	0.410189
16	18	0.279653
16	19	0.338968
16	20	0.368254
16	21	0.0928853
16	22	0.139947
16	23	0.675546
16	24	0.546717
16	25	1.0554
16	26	1.27452
16	27	1.8881
16	28	2.34243
16	29	1.84639
16	30	-1.07916
16	31	-0.858272
16	32	2.10142
16	33	-5.24065
16	34	1.6848
16	35	-2.74832
16	36	1.85188
16	37	-3.79006
17	1	-0.147561
17	2	0.0269217
17	3	0.0339802
17	4	-0.0206647
17	5	0.0541653
17	6	0.0126837
17	7	0.0556905
17	8	-0.0238203
17	9	-0.0251083
17	10	0.0255731
17	11	0.0343944
17	12	0.0580513
17	13	0.137236
17	14	0.293761
17	15	0.205431
17	16	0.108594
17	17	0.193224
17	18	0.0545026
17	19	0.413543
17	20	0.409038
17	21	0.519131
17	22	-0.0684742
17	23	0.429314
17	24	0.834986
17	25	1.03838
17	26	1.3161
17	27	1.36493
17	28	2.48897
17	29	2.30758
17	30	1.95752
17	31	1.72085
17	32	1.57381
17	33	2.2246
17	34	2.75427
17	35	2.43046
17	36	2.01188
17	37	2.9574
18	1	0.0209808
18	2	0.0346154
18	3	-0.0073102
18	4	0.100206
18	5	0.073928
18	6	0.0733346
18	7	-0.0100758
18	8	0.00862752
18	9	0.0751538
18	10	0.14485
18	11	0.125193
18	12	0.1064
18	13	0.224356
18	14	0.087829
18	15	-0.0109217
18	16	0.0960749
18	17	0.172145
18	18	0.193226
18	19	0.118702
18	20	0.481345
18	21	-0.034123
18	22	0.351382
18	23	0.578102
18	24	0.738811
18	25	0.963039
18	26	1.37421
18	27	0.954863
18	28	2.19274
18	29	2.00471
18	30	1.39503
18	31	1.05656
18	32	1.8877
18	33	3.09997
18	34	0.39777
18	35	2.0504
18	36	-2.10473
18	37	-1.22845
19	1	0.0656625
19	2	-0.00793597
19	3	0.0589287
19	4	0.0588317
19	5	-0.102881
19	6	0.130242
19	7	0.00379153
19	8	0.0597838
19	9	0.0271477
19	10	0.0332515
19	11	0.0479261
19	12	0.107768
19	13	0.0737493
19	14	0.0864372
19	15	0.0911745
19	16	0.155402
19	17	0.189424
19	18	0.130618
19	19	0.432785
19	20	0.193935
19	21	0.332239
19	22	0.572399
19	23	0.585386
19	24	0.748623
19	25	0.900895
19	26	1.71319
19	27	1.2517
19	28	2.00228
19	29	1.85369
19	30	2.23321
19	31	1.69322
19	32	0.961182
19	33	2.48117
19	34	2.7882
19	35	2.3281
19	36	1.93749
19	37	1.95626
20	1	0.200871
20	2	0.0528785
20	3	0.029361
20	4	0.0148488
20	5	-0.0600827
20	6	0.0731901
20	7	0.069116
20	8	0.0578749
20	9	0.0322701
20	10	0.0406097
20	11	0.0783903
20	12	0.0941709
20	13	0.0395416
20	14	0.192083
20	15	-0.108505
20	16	0.261897
20	17	0.0910384
20	18	0.282466
20	19	0.421985
20	20	0.234242
20	21	0.0128492
20	22	0.476002
20	23	-0.0136678
20	24	0.691414
20	25	1.13731
20	26	1.5948
20	27	1.25118
20	28	2.14936
20	29	1.54024
20	30	1.5664
20	31	1.82559
20	32	1.52254
20	33	1.95154
20	34	1.98418
20	35	2.04147
20	36	2.3848
20	37	0.97445
21	1	0.0993358
21	2	-0.0426926
21	3	0.00642071
21	4	-0.0723356
21	5	0.0679147
21	6	0.138405
21	7	0.0646205
21	8	0.0923844
21	9	-0.00874176
21	10	0.0584562
21	11	0.00967028
21	12	-0.0144279
21	13	-0.161161
21	14	0.0774019
21	15	-0.0347885
21	16	0.0920879
21	17	0.323296
21	18	0.296556
21	19	0.223521
21	20	0.544007
21	21	0.404177
21	22	0.344382
21	23	0.103241
21	24	0.316753
21	25	0.862012
21	26	1.5343
21	27	1.75459
21	28	1.81657
21	29	2.29679
21	30	1.7707
21	31	1.69081
21	32	2.27149
21	33	2.97387
21	34	2.42916
21	35	3.15404
21	36	2.70214
21	37	2.79249
22	1	0.0189062
22	2	-0.0369222
22	3	-0.0146905
22	4	-0.186574
22	5	0.0498801
22	6	-0.0550602
22	7	0.068041
22	8	0.078966
22	9	-0.0474662
22	10	-0.0734745
22	11	-0.0114104
22	12	0.0247071
22	13	-0.0964089
22	14	0.0738883
22	15	-0.216129
22	16	-0.224708
22	17	-0.159924
22	18	0.378896
22	19	0.28133
22	20	0.380785
22	21	0.27621
22	22	0.349514
22	23	0.728468
22	24	0.101834
22	25	1.0858
22	26	1.9319
22	27	1.46325
22	28	2.0984
22	29	2.23801
22	30	1.91137
22	31	2.13963
22	32	1.54204
22	33	-8.25021
22	34	1.52363
22	35	0.538728
22	36	2.08993
22	37	2.15975
23	1	-0.0656463
23	2	-0.149872
23	3	-0.0867811
23	4	-0.223537
23	5	-0.1155
23	6	-0.165125
23	7	-0.0771699
23	8	-0.0523094
23	9	0.0133231
23	10	-0.0247844
23	11	-0.0594811
23	12	-0.0747746
23	13	-0.378935
23	14	-0.03046
23	15	0.0776225
23	16	-0.440864
23	17	-0.207123
23	18	-0.0577927
23	19	0.0814207
23	20	-0.20787
23	21	-0.114202
23	22	-0.0715076
23	23	0.594643
23	24	0.285263
23	25	1.14407
23	26	1.16422
23	27	0.767029
23	28	2.19261
23	29	2.02803
23	30	-1.047
23	31	-0.641933
23	32	1.29293
23	33	1.2223
23	34	0.571017
23	35	-4.2044
23	36	-10.252
23	37	-0.713614
24	1	-0.524434
24	2	-0.0094246
24	3	-0.0129983
24	4	-0.107591
24	5	-0.303511
24	6	-0.0500427
24	7	-0.124175
24	8	-0.222186
24	9	0.0104597
24	10	-0.0704246
24	11	-0.0932211
24	12	-0.036925
24	13	-0.305603
24	14	-0.699336
24	15	-0.0622685
24	16	-0.700928
24	17	-0.296634
24	18	-0.179999
24	19	0.184384
24	20	0.047161
24	21	-0.416282
24	22	-0.0703737
24	23	0.293916
24	24	0.523761
24	25	0.67176
24	26	0.113558
24	27	-3.85148
24	28	-5.96592
24	29	-9.10406
24	30	-8.07436
24	31	-9.4334
24	32	-10.0693
24	33	-10.3127
24	34	-10.4178
24	35	-9.82249
24	36	-8.39327
24	37	-9.07453
25	1	-0.189506
25	2	-0.0255569
25	3	-0.126628
25	4	-0.180305
25	5	-0.288232
25	6	-0.117893
25	7	-0.116759
25	8	-0.241545
25	9	-0.14354
25	10	-0.0164321
25	11	-0.0888753
25	12	-0.102222
25	13	-0.507611
25	14	-0.0463596
25	15	0.147657
25	16	-0.628307
25	17	-0.00415866
25	18	-0.361107
25	19	-0.993328
25	20	-0.0319218
25	21	0.0979918
25	22	-0.125464
25	23	0.185488
25	24	0.365571
25	25	0.280897
25	26	-0.0633931
25	27	0.974141
25	28	1.94883
25	29	1.38692
25	30	1.46603
25	31	0.358729
25	32	0.809816
25	33	1.23123
25	34	-1.38089
25	35	-3.89775
25	36	-4.64425
25	37	-6.75941
26	1	0.04066
26	2	-0.150723
26	3	-0.128898
26	4	-0.327535
26	5	0.0617312
26	6	-0.280169
26	7	-0.055912
26	8	-0.0529344
26	9	-0.202004
26	10	-0.293868
26	11	-0.281407
26	12	-0.10114
26	13	-0.225864
26	14	-0.276385
26	15	-0.228188
26	16	-0.463241
26	17	-0.281399
26	18	-0.271519
26	19	-0.829615
26	20	-0.77747
26	21	-0.55851
26	22	-0.183682
26	23	-0.216788
26	24	-0.511003
26	25	0.983271
26	26	0.717633
26	27	0.601688
26	28	1.83173
26	29	1.2806
26	30	1.59497
26	31	1.10577
26	32	0.68946
26	33	1.44332
26	34	1.03748
26	35	1.84114
26	36	1.13452
26	37	1.49647
27	1	0.192821
27	2	0.0134304
27	3	-0.0968866
27	4	-0.284876
27	5	-0.0698665
27	6	-0.168851
27	7	-0.092481
27	8	-0.151708
27	9	-0.258086
27	10	-0.108432
27	11	-0.258761
27	12	-0.196077
27	13	-0.196598
27	14	-0.498652
27	15	-0.117696
27	16	-0.341876
27	17	0.0779564
27	18	0.155252
27	19	-0.607194
27	20	-0.363195
27	21	-0.0124563
27	22	-0.166141
27	23	0.41959
27	24	-0.807891
27	25	0.360441
27	26	1.07792
27	27	0.809649
27	28	0.998301
27	29	1.24471
27	30	0.498639
27	31	1.85161
27	32	1.82068
27	33	1.56002
27	34	2.18847
27	35	1.9778
27	36	2.53995
27	37	2.14576
28	1	0.199086
28	2	-0.0594857
28	3	-0.0484936
28	4	-0.0752336
28	5	0.012643
28	6	0.015191
28	7	0.0419791
28	8	-0.014416
28	9	0.0271224
28	10	-0.0437533
28	11	-0.045104
28	12	-0.0836295
28	13	-0.171488
28	14	-0.0732711
28	15	-0.134235
28	16	0.0788037
28	17	-0.128231
28	18	0.152753
28	19	0.180099
28	20	-0.0623966
28	21	0.342486
28	22	0.122039
28	23	0.35156
28	24	0.383914
28	25	0.8483
28	26	0.780948
28	27	0.320434
28	28	1.62624
28	29	1.32157
28	30	1.97798
28	31	2.00118
28	32	2.25637
28	33	1.65111
28	34	2.0355
28	35	1.58359
28	36	2.16346
28	37	2.13322
29	1	-0.102137
29	2	-0.0515885
29	3	-0.120279
29	4	-0.185088
29	5	-0.504005
29	6	-0.0464739
29	7	-0.0911069
29	8	-0.143117
29	9	-0.0976843
29	10	-0.240141
29	11	-0.197152
29	12	-0.118753
29	13	-0.367364
29	14	-0.393623
29	15	-0.384466
29	16	-0.280914
29	17	-0.276141
29	18	0.0111246
29	19	0.0934994
29	20	-0.0788358
29	21	0.113674
29	22	0.0681624
29	23	0.349511
29	24	-0.61222
29	25	0.971396
29	26	1.23818
29	27	0.701899
29	28	1.76488
29	29	1.65994
29	30	1.92084
29	31	1.40543
29	32	1.35124
29	33	1.61598
29	34	1.06136
29	35	1.78044
29	36	2.18424
29	37	1.71906
30	1	-0.151085
30	2	-0.218732
30	3	-0.0407882
30	4	-0.249891
30	5	0.0871293
30	6	-0.179158
30	7	-0.0710346
30	8	-0.122293
30	9	-0.133836
30	10	-0.0694383
30	11	-0.18894
30	12	-0.0724993
30	13	-0.352995
30	14	0.0166261
30	15	-0.0623174
30	16	-0.108696
30	17	-0.233539
30	18	0.145903
30	19	0.174962
30	20	0.105412
30	21	0.0830681
30	22	-0.222139
30	23	-0.105632
30	24	0.235798
30	25	-0.53783
30	26	0.590024
30	27	0.915469
30	28	1.78977
30	29	1.25393
30	30	1.07387
30	31	1.58166
30	32	1.63565
30	33	0.673368
30	34	0.365982
30	35	1.60927
30	36	1.07613
30	37	1.43972
31	1	-0.696233
31	2	-0.0626813
31	3	-0.0634825
31	4	-0.2353
31	5	-0.0924241
31	6	-0.198295
31	7	-0.137273
31	8	-0.138958
31	9	-0.186087
31	10	-0.214697
31	11	-0.198261
31	12	-0.116525
31	13	-0.0604159
31	14	-0.49495
31	15	-0.31403
31	16	-0.394462
31	17	-0.268075
31	18	-0.369291
31	19	-0.158978
31	20	-0.137908
31	21	-0.19902
31	22	-0.340965
31	23	0.084256
31	24	-0.504386
31	25	-0.668039
31	26	1.05896
31	27	1.0822
31	28	1.96098
31	29	0.918787
31	30	0.440137
31	31	-3.06206
31	32	0.244375
31	33	0.471928
31	34	-0.464076
31	35	1.10051
31	36	1.03665
31	37	-3.22549
32	1	-0.581104
32	2	-0.0178112
32	3	-0.0256547
32	4	0.129974
32	5	0.00480761
32	6	-0.0258694
32	7	-0.0159153
32	8	-0.0203383
32	9	-0.00934429
32	10	-0.203277
32	11	-0.128506
32	12	-0.0662523
32	13	-0.079424
32	14	-0.0689667
32	15	0.0631254
32	16	-0.633401
32	17	-0.465701
32	18	-0.256955
32	19	0.402471
32	20	0.0734265
32	21	0.268962
32	22	-0.403386
32	23	0.0820219
32	24	0.233891
32	25	0.759171
32	26	1.29104
32	27	1.24185
32	28	2.07436
32	29	1.38718
32	30	0.887247
32	31	0.857249
32	32	0.174341
32	33	0.407024
32	34	0.491855
32	35	-0.469812
32	36	0.622497
32	37	-1.16991
33	1	-0.875035
33	2	-0.133057
33	3	0.0150792
33	4	-0.142112
33	5	-0.156903
33	6	-0.0401406
33	7	-0.0750275
33	8	0.043407
33	9	-0.00518036
33	10	-0.0234621
33	11	0.0536338
33	12	-0.0820908
33	13	0.0857825
33	14	-0.128524
33	15	0.0246834
33	16	-0.130924
33	17	-0.330194
33	18	-0.58811
33	19	0.369801
33	20	-0.221001
33	21	-0.244389
33	22	-0.805919
33	23	0.394313
33	24	0.540285
33	25	0.800698
33	26	0.831845
33	27	1.44303
33	28	-0.410431
33	29	-1.2894
33	30	-6.1058
33	31	-10.8491
33	32	-12.1141
33	33	-11.9165
33	34	-10.9187
33	35	-10.6824
33	36	-10.3822
33	37	-10.171
34	1	-0.0821676
34	2	-0.047078
34	3	0.037173
34	4	-0.0770088
34	5	0.0561692
34	6	-0.0149457
34	7	0.0554566
34	8	0.0595777
34	9	-0.0669301
34	10	-0.0485589
34	11	-0.00526623
34	12	-0.0562553
34	13	0.178463
34	14	0.251852
34	15	0.306437
34	16	-0.0678655
34	17	0.323326
34	18	-0.205707
34	19	0.102147
34	20	0.252525
34	21	0.0829069
34	22	0.191425
34	23	0.147118
34	24	0.299116
34	25	1.21913
34	26	1.35108
34	27	0.773398
34	28	1.0972
34	29	1.42411
34	30	1.11933
34	31	1.1893
34	32	-12.1391
34	33	-7.44149
34	34	-10.1237
34	35	-6.36662
34	36	0.914609
34	37	1.18871
35	1	0.245369
35	2	0.0558447
35	3	0.00126463
35	4	0.0230742
35	5	-0.0525766
35	6	0.0183135
35	7	-0.0389536
35	8	0.060574
35	9	-0.0140742
35	10	-0.19469
35	11	0.00641691
35	12	0.0193621
35	13	0.0206955
35	14	0.208508
35	15	0.131125
35	16	0.297226
35	17	0.300556
35	18	-0.175108
35	19	0.266672
35	20	-0.161963
35	21	0.177095
35	22	0.275141
35	23	7.95034e-05
35	24	0.166751
35	25	1.11497
35	26	1.3231
35	27	0.895223
35	28	-11.011
35	29	-4.45613
35	30	-1.16616
35	31	0.10674
35	32	0.987487
35	33	0.645769
35	34	1.22225
35	35	0.121058
35	36	-6.90478
35	37	-4.82312
36	1	-0.185442
36	2	-0.068423
36	3	0.0374432
36	4	0.129307
36	5	-0.0528398
36	6	0.0681517
36	7	-0.0681678
36	8	0.0330266
36	9	0.0317291
36	10	-0.00550213
36	11	0.0506372
36	12	-0.0557406
36	13	0.0122612
36	14	0.0517786
36	15	0.151696
36	16	0.216237
36	17	0.123537
36	18	0.126416
36	19	-0.480843
36	20	0.0424477
36	21	-0.828813
36	22	-0.222769
36	23	0.49106
36	24	0.274436
36	25	1.20275
36	26	1.49438
36	27	1.474
36	28	1.69291
36	29	-0.894548
36	30	-3.33798
36	31	0.587172
36	32	-0.736838
36	33	0.190812
36	34	0.438463
36	35	1.67674
36	36	1.21719
36	37	-1.6042
37	1	-0.31956
37	2	0.038721
37	3	0.0183983
37	4	0.0292384
37	5	0.0142057
37	6	0.0126354
37	7	-0.0520978
37	8	0.0121622
37	9	0.0150848
37	10	0.00175728
37	11	0.04593
37	12	0.0152311
37	13	0.0873498
37	14	0.173217
37	15	-0.0895081
37	16	0.230983
37	17	0.0978335
37	18	0.14161
37	19	0.0122151
37	20	0.337472
37	21	0.298786
37	22	0.143749
37	23	0.491596
37	24	0.559136
37	25	1.32618
37	26	1.1025
37	27	1.02045
37	28	-9.6568
37	29	0.624635
37	30	-0.146984
37	31	0.361059
37	32	-0.612662
37	33	-1.73755
37	34	-2.29588
37	35	-5.59631
37	36	-1.13818
37	37	-2.6749
38	1	-0.129626
38	2	-0.0616536
38	3	0.0396983
38	4	-0.0116103
38	5	0.110391
38	6	0.027661
38	7	-0.0489613
38	8	-0.0253465
38	9	-0.0597959
38	10	0.0307948
38	11	-0.0213634
38	12	-0.024914
38	13	-0.0273714
38	14	-0.126397
38	15	0.0881665
38	16	0.00920979
38	17	0.158847
38	18	-0.128753
38	19	0.269836
38	20	0.121949
38	21	-0.103288
38	22	-0.0839692
38	23	0.125495
38	24	0.45261
38	25	0.896075
38	26	-0.983345
38	27	-0.0886506
38	28	0.868573
38	29	-5.03798
38	30	-2.73114
38	31	1.05331
38	32	-4.17488
38	33	-0.256851
38	34	0.181593
38	35	-5.69255
38	36	-3.21301
38	37	-2.84388
39	1	-0.185521
39	2	0.0227061
39	3	-0.0663063
39	4	-0.019494
39	5	0.126046
39	6	-0.00669119
39	7	-0.0665758
39	8	-0.00714413
39	9	0.05343
39	10	-0.0125979
39	11	-0.0345743
39	12	-0.0107888
39	13	0.0132876
39	14	-0.0164085
39	15	0.0788274
39	16	-0.226992
39	17	0.219761
39	18	-0.309843
39	19	-0.0476742
39	20	0.146663
39	21	0.327308
39	22	0.281897
39	23	-0.206626
39	24	0.158443
39	25	-13.1346
39	26	-17.5353
39	27	-13.3993
39	28	-8.24999
39	29	-2.08661
39	30	-2.91571
39	31	-0.368405
39	32	0.27363
39	33	-0.0501131
39	34	0.122386
39	35	0.697681
39	36	-1.35837
39	37	-0.627347
40	1	-0.311327
40	2	-0.171389
40	3	-0.0125663
40	4	-0.207046
40	5	-0.0587227
40	6	-0.0147102
40	7	-0.0855234
40	8	-0.0369645
40	9	0.0105642
40	10	-0.147894
40	11	0.0291643
40	12	-0.0400884
40	13	-0.0903175
40	14	-0.0420548
40	15	-0.116061
40	16	0.213445
40	17	-0.0333702
40	18	-0.0940264
40	19	0.11239
40	20	0.0667466
40	21	0.316678
40	22	0.19457
40	23	0.0665177
40	24	0.535999
40	25	0.51247
40	26	-9.93496
40	27	-9.63245
40	28	-5.82049
40	29	-4.28363
40	30	-6.20833
40	31	-0.574519
40	32	-4.00388
40	33	-1.39856
40	34	-0.424257
40	35	-2.83532
40	36	-0.476477
40	37	-1.92706
41	1	0.0702853
41	2	0.0235022
41	3	-0.00822664
41	4	0.0772727
41	5	-0.0566409
41	6	-0.0198953
41	7	0.0393779
41	8	0.0425653
41	9	-0.0235822
41	10	0.0283226
41	11	-0.00353371
41	12	-0.0539582
41	13	0.0134324
41	14	-0.0883385
41	15	-0.0110839
41	16	0.0706293
41	17	0.274733
41	18	-0.0336622
41	19	-3.09337
41	20	-0.104676
41	21	-2.42649
41	22	-2.00023
41	23	-1.63625
41	24	-2.68989
41	25	-7.4978
41	26	-2.88447
41	27	-1.59698
41	28	-6.39602
41	29	-2.16665
41	30	-0.859036
41	31	-1.37259
41	32	-1.47553
41	33	-1.99897
41	34	-1.33239
41	35	-0.677242
41	36	-2.10115
41	37	-0.150338
42	1	-0.160993
42	2	-0.181148
42	3	0.00942775
42	4	-0.0192046
42	5	-0.0195075
42	6	-0.0853897
42	7	-0.0283489
42	8	-0.0431337
42	9	-0.0196925
42	10	0.0280501
42	11	-0.00385722
42	12	-0.169527
42	13	-0.0725819
42	14	-0.201565
42	15	-0.359929
42	16	-1.34686
42	17	-1.30726
42	18	0.0451683
42	19	-3.37754
42	20	-0.0238407
42	21	0.0473183
42	22	0.29475
42	23	0.575912
42	24	-0.371357
42	25	-2.72711
42	26	0.261341
42	27	-0.789617
42	28	-1.604
42	29	0.585243
42	30	0.676684
42	31	0.757604
42	32	0.879919
42	33	-2.18305
42	34	-0.344229
42	35	-5.55014
42	36	-4.87065
42	37	-3.48966
43	1	-0.452601
43	2	0.00613486
43	3	-0.0565368
43	4	0.140783
43	5	0.0380939
43	6	0.0462904
43	7	0.045918
43	8	-0.0384572
43	9	0.0244909
43	10	0.00602049
43	11	-0.0608247
43	12	-0.204385
43	13	-0.320312
43	14	-0.0947145
43	15	-0.462454
43	16	-0.331333
43	17	0.0103892
43	18	0.0392149
43	19	-0.0234006
43	20	-0.0441845
43	21	-0.00555685
43	22	-0.242668
43	23	0.384281
43	24	-0.464134
43	25	-1.47585
43	26	-0.679986
43	27	-2.73577
43	28	-14.957
43	29	-11.178
43	30	-7.1964
43	31	-14.4637
43	32	-6.99623
43	33	-6.95554
43	34	-4.32272
43	35	-5.49937
43	36	-5.32736
43	37	-6.68658
44	1	0.353855
44	2	0.0221967
44	3	0.0102782
44	4	-0.240823
44	5	0.00645446
44	6	0.0967088
44	7	0.0570866
44	8	0.0571327
44	9	0.0365744
44	10	-0.100719
44	11	-0.2408
44	12	0.000794463
44	13	0.0888137
44	14	-0.122232
44	15	0.0431931
44	16	0.187228
44	17	0.054377
44	18	0.305295
44	19	0.111112
44	20	0.377219
44	21	0.158702
44	22	-0.635796
44	23	-12.7787
44	24	-13.7221
44	25	-12.5869
44	26	-10.7182
44	27	-8.3407
44	28	-6.51731
44	29	-0.419411
44	30	-1.45116
44	31	-3.61918
44	32	-4.32815
44	33	-1.35428
44	34	-1.38614
44	35	-1.36499
44	36	-1.16689
44	37	-2.1438
45	1	-0.69157
45	2	-0.169618
45	3	0.00692943
45	4	-0.121323
45	5	0.0919549
45	6	0.0388552
45	7	0.0117138
45	8	-0.0937191
45	9	0.0337044
45	10	0.0304216
45	11	-0.179269
45	12	-0.0668719
45	13	-0.324405
45	14	-0.0177409
45	15	-0.628674
45	16	0.0897048
45	17	-0.00976307
45	18	0.00818567
45	19	0.300157
45	20	0.315939
45	21	-0.0257147
45	22	0.414386
45	23	-0.0623902
45	24	0.849174
45	25	0.480506
45	26	0.67604
45	27	0.0487453
45	28	0.757423
45	29	1.05165
45	30	0.190831
45	31	0.257835
45	32	0.47525
45	33	-3.45548
45	34	-1.78453
45	35	0.513274
45	36	0.104813
45	37	-6.39093
46	1	-0.00212679
46	2	-0.0480923
46	3	-0.0466921
46	4	-0.000328594
46	5	-0.386731
46	6	-0.0323023
46	7	-0.106606
46	8	0.0663757
46	9	-0.151383
46	10	-0.123895
46	11	-0.0856056
46	12	-0.203741
46	13	-0.0813075
46	14	0.137459
46	15	0.0385963
46	16	-3.39083e-05
46	17	-0.220222
46	18	-0.0453854
46	19	0.134832
46	20	-0.224183
46	21	-0.203278
46	22	0.217296
46	23	0.766961
46	24	-1.78619
46	25	-3.08252
46	26	-5.81438
46	27	-0.795798
46	28	-0.863244
46	29	-2.38183
46	30	0.374555
46	31	0.771883
46	32	0.515771
46	33	-0.249626
46	34	0.973933
46	35	0.073378
46	36	-0.553213
46	37	-0.584671
47	1	-0.204139
47	2	-0.0806201
47	3	-0.0412533
47	4	0.0645865
47	5	-0.108201
47	6	-0.0308272
47	7	-0.0794235
47	8	-0.151499
47	9	-0.0230819
47	10	-0.112224
47	11	-0.165838
47	12	-0.158042
47	13	-0.258142
47	14	-0.0431231
47	15	0.0423543
47	16	-0.535732
47	17	-0.510892
47	18	-0.162567
47	19	0.0118431
47	20	-0.0497716
47	21	0.112887
47	22	-0.0759739
47	23	0.0592862
47	24	-1.08197
47	25	-1.39657
47	26	1.008
47	27	0.83401
47	28	-0.549351
47	29	-0.318416
47	30	0.664056
47	31	1.10066
47	32	1.01888
47	33	-0.0316616
47	34	0.167488
47	35	1.46644
47	36	-0.4057
47	37	-13.1043
48	1	-0.0972109
48	2	-0.168175
48	3	-0.115809
48	4	-0.180938
48	5	-0.147693
48	6	-0.00180972
48	7	-0.184184
48	8	-0.0922014
48	9	-0.42539
48	10	-0.0320883
48	11	-0.366049
48	12	-0.205852
48	13	-0.510332
48	14	-0.570452
48	15	-0.377402
48	16	-0.383834
48	17	-0.719445
48	18	-0.165935
48	19	-0.272023
48	20	-0.0183078
48	21	0.107284
48	22	0.11911
48	23	-0.701081
48	24	-0.703848
48	25	-2.40067
48	26	-1.92809
48	27	-1.88261
48	28	-5.06181
48	29	-7.85029
48	30	-8.24884
48	31	-19.7162
48	32	-7.44754
48	33	-8.47902
48	34	-20.5803
48	35	-8.23042
48	36	-16.5906
48	37	-13.0594
49	1	0.056593
49	2	-0.0992075
49	3	-0.0135766
49	4	0.0327246
49	5	0.00305002
49	6	0.0240728
49	7	0.0103041
49	8	0.0447137
49	9	-0.213205
49	10	-0.127266
49	11	-0.0622319
49	12	0.0117581
49	13	-0.15396
49	14	-0.35835
49	15	-0.0396691
49	16	0.0762292
49	17	0.327034
49	18	-0.308981
49	19	-0.215143
49	20	0.291535
49	21	0.190394
49	22	0.0602259
49	23	-0.958249
49	24	-0.41998
49	25	-1.01626
49	26	-0.40997
49	27	-1.94008
49	28	-1.98115
49	29	-0.621361
49	30	-0.504209
49	31	-0.717141
49	32	-0.429182
49	33	-1.00395
49	34	-1.04622
49	35	-0.597864
49	36	-0.495656
49	37	-1.10986
50	1	0.339748
50	2	-0.0295545
50	3	-0.00427354
50	4	-0.115397
50	5	-0.138939
50	6	-0.023656
50	7	0.0174677
50	8	-0.237263
50	9	0.00447582
50	10	-0.0760324
50	11	-0.101625
50	12	-0.245443
50	13	0.0691699
50	14	-0.0731983
50	15	-0.0569237
50	16	-0.19056
50	17	-0.195907
50	18	-0.346718
50	19	-0.125457
50	20	0.037905
50	21	-0.615624
50	22	-0.528493
50	23	-1.229
50	24	-3.04395
50	25	-2.44231
50	26	-3.36162
50	27	-5.5718
50	28	-5.96792
50	29	-7.62465
50	30	-5.24243
50	31	-4.59941
50	32	-6.04947
50	33	-5.82181
50	34	-4.28143
50	35	-6.07545
50	36	-5.97276
50	37	-6.28977
51	1	-0.0225197
51	2	0.00460699
51	3	-0.050654
51	4	0.0998792
51	5	-0.0996392
51	6	-0.0816346
51	7	-0.0605772
51	8	-0.0270844
51	9	-0.0515273
51	10	-0.0477094
51	11	-0.223903
51	12	-0.11073
51	13	0.0261908
51	14	-0.268753
51	15	-0.219036
51	16	-0.22824
51	17	-0.51508
51	18	-0.29418
51	19	-4.17631
51	20	-8.4607
51	21	-1.54313
51	22	-1.13427
51	23	-1.79592
51	24	-0.863084
51	25	-1.24356
51	26	0.107031
51	27	-0.511377
51	28	1.06384
51	29	0.408104
51	30	0.698362
51	31	1.07722
51	32	0.623546
51	33	0.257245
51	34	1.59945
51	35	1.2808
51	36	0.497038
51	37	1.24965
52	1	-0.0391589
52	2	0.0514681
52	3	0.0409999
52	4	0.0426609
52	5	-0.10068
52	6	0.12272
52	7	-0.0679223
52	8	0.0434639
52	9	-0.0752982
52	10	0.0740071
52	11	0.044609
52	12	-0.0414228
52	13	-0.135851
52	14	-0.0563389
52	15	-0.262794
52	16	-0.164518
52	17	-0.252755
52	18	-0.00872012
52	19	0.0111139
52	20	0.139908
52	21	-0.444062
52	22	-0.402057
52	23	-1.95013
52	24	-1.38453
52	25	-2.40069
52	26	-4.48243
52	27	-5.57228
52	28	-2.91363
52	29	-3.71214
52	30	-5.87298
52	31	-3.73569
52	32	-4.8918
52	33	-4.40799
52	34	-3.44741
52	35	-3.07724
52	36	-4.40105
52	37	-3.11389
53	1	0.0264645
53	2	0.0192192
53	3	-0.0106024
53	4	-0.00207391
53	5	-0.0229302
53	6	-0.058303
53	7	0.0184545
53	8	-0.121342
53	9	-0.158473
53	10	-0.0523418
53	11	-0.124331
53	12	-0.0823999
53	13	0.0438628
53	14	-0.261447
53	15	-0.206623
53	16	-0.445566
53	17	-0.818849
53	18	0.235371
53	19	0.211451
53	20	-0.252202
53	21	0.0148565
53	22	-0.0111609
53	23	-1.70635
53	24	-8.5089
53	25	-1.68225
53	26	-3.91015
53	27	0.70625
53	28	1.40718
53	29	-1.47985
53	30	-2.58197
53	31	0.860476
53	32	-1.41783
53	33	0.918337
53	34	-0.975334
53	35	-0.985814
53	36	-2.86246
53	37	0.467678
54	1	0.120259
54	2	-0.0042873
54	3	-0.0760843
54	4	-0.069158
54	5	0.0345705
54	6	0.0146392
54	7	0.00311609
54	8	0.0241342
54	9	0.0685312
54	10	-0.00287647
54	11	-0.08841
54	12	-0.0451817
54	13	-0.184425
54	14	0.0575684
54	15	-0.381513
54	16	-0.236637
54	17	-0.164281
54	18	-0.0788327
54	19	0.220145
54	20	0.065098
54	21	-0.366987
54	22	-0.450869
54	23	-1.5222
54	24	-1.06449
54	25	-14.1664
54	26	-10.2067
54	27	-3.13039
54	28	-4.24516
54	29	-1.53972
54	30	-2.19012
54	31	-1.65803
54	32	-2.63465
54	33	-0.872882
54	34	-2.19885
54	35	0.154812
54	36	-2.10082
54	37	-2.61612
55	1	-0.103437
55	2	-0.0342639
55	3	-0.105546
55	4	-0.128576
55	5	0.0392155
55	6	-0.0782038
55	7	-0.0153324
55	8	-0.123755
55	9	-0.0264
55	10	-0.155039
55	11	-0.0571661
55	12	-0.0211009
55	13	-0.404777
55	14	0.0208655
55	15	-0.347314
55	16	0.170073
55	17	-0.0915059
55	18	-0.234162
55	19	-0.0935407
55	20	-0.0891749
55	21	-0.290378
55	22	0.0634824
55	23	0.188782
55	24	0.189927
55	25	-0.583491
55	26	-0.519674
55	27	-0.742303
55	28	0.656039
55	29	0.553489
55	30	-0.0394069
55	31	0.640659
55	32	1.22369
55	33	0.823281
55	34	0.297074
55	35	0.556706
55	36	1.02713
55	37	1.10011
56	1	0.22524
56	2	-0.0155425
56	3	0.0422415
56	4	0.0755974
56	5	-0.0141678
56	6	0.0212551
56	7	0.00373407
56	8	0.0183325
56	9	-0.0177535
56	10	0.0178181
56	11	0.0181728
56	12	-0.0354378
56	13	0.0033969
56	14	-0.34077
56	15	-0.0344461
56	16	0.0934709
56	17	-0.043248
56	18	0.0968948
56	19	0.25172
56	20	0.0983608
56	21	0.173666
56	22	0.0618615
56	23	0.247775
56	24	0.769415
56	25	1.0826
56	26	1.4965
56	27	0.193797
56	28	1.01729
56	29	0.871961
56	30	0.850985
56	31	0.0650541
56	32	0.85246
56	33	1.30677
56	34	0.357912
56	35	-0.58856
56	36	0.628715
56	37	0.812029
57	1	-0.0185006
57	2	0.0046153
57	3	0.0515551
57	4	0.00272424
57	5	-0.164493
57	6	-0.00589874
57	7	-0.0921517
57	8	-0.0325228
57	9	-0.0178924
57	10	-0.00607581
57	11	-0.0573627
57	12	-0.0258478
57	13	0.0433832
57	14	-0.244635
57	15	-0.150855
57	16	0.245164
57	17	-0.292313
57	18	-0.0835193
57	19	-0.275887
57	20	0.103332
57	21	0.256511
57	22	-0.0309534
57	23	0.283545
57	24	-0.163969
57	25	0.196877
57	26	1.08831
57	27	0.915862
57	28	1.00791
57	29	0.0831167
57	30	0.233758
57	31	0.128197
57	32	-0.83994
57	33	-1.25746
57	34	-0.993662
57	35	0.541989
57	36	-1.47767
57	37	1.03492
58	1	-0.375845
58	2	-0.00146061
58	3	-0.000137465
58	4	-0.227037
58	5	-0.11956
58	6	0.0281248
58	7	-0.0474958
58	8	-0.11235
58	9	-0.0252064
58	10	-0.0269269
58	11	-0.00761545
58	12	0.0275121
58	13	-0.0158033
58	14	-0.109915
58	15	-0.17903
58	16	-0.202338
58	17	-0.108345
58	18	-0.00887979
58	19	-0.053908
58	20	-0.513413
58	21	0.0176115
58	22	-0.202984
58	23	0.271275
58	24	0.233172
58	25	0.576268
58	26	0.748597
58	27	-0.224874
58	28	-3.13731
58	29	-4.07296
58	30	-1.7362
58	31	-0.679791
58	32	-2.36727
58	33	0.236564
58	34	-1.2599
58	35	-0.864927
58	36	-0.350664
58	37	0.643627
59	1	-0.0423308
59	2	-0.0447559
59	3	0.0781143
59	4	0.074902
59	5	-0.0197313
59	6	0.0176751
59	7	-0.048293
59	8	0.0332704
59	9	0.00855867
59	10	-0.0548011
59	11	0.0505234
59	12	0.0368151
59	13	0.123142
59	14	0.150821
59	15	-0.000427126
59	16	-0.101685
59	17	0.201941
59	18	0.105295
59	19	0.0425475
59	20	-0.193093
59	21	0.00945922
59	22	-0.042861
59	23	0.36023
59	24	0.592431
59	25	0.297763
59	26	0.796813
59	27	-4.00861
59	28	-5.90276
59	29	-5.11544
59	30	-1.79303
59	31	-0.549567
59	32	-1.21541
59	33	-3.66707
59	34	-6.61147
59	35	-2.58324
59	36	-6.90435
59	37	-3.89914
60	1	0.078994
60	2	0.04437
60	3	0.0210668
60	4	-0.201709
60	5	-0.0866825
60	6	-0.00805567
60	7	-0.0688214
60	8	-0.117542
60	9	0.0579792
60	10	-0.0180287
60	11	0.0389624
60	12	0.0636844
60	13	-0.0545706
60	14	-0.0934687
60	15	-0.080354
60	16	-0.0690187
60	17	-0.151887
60	18	0.0369956
60	19	-0.161345
60	20	0.241322
60	21	-0.113317
60	22	0.0124052
60	23	-0.0562381
60	24	-0.38463
60	25	0.571532
60	26	-8.19556
60	27	-0.786501
60	28	-12.613
60	29	-1.30859
60	30	-7.87373
60	31	-3.85434
60	32	-0.907519
60	33	-0.469584
60	34	-0.934551
60	35	-1.37647
60	36	-0.510228
60	37	-1.14323
61	1	-0.0220295
61	2	-0.0141759
61	3	0.00509379
61	4	0.136735
61	5	-0.0970403
61	6	-0.0745028
61	7	-0.194509
61	8	0.0303217
61	9	-0.0885158
61	10	0.0463706
61	11	0.0607777
61	12	0.0836803
61	13	-0.00724665
61	14	-0.0263623
61	15	-0.0224628
61	16	0.0448671
61	17	-0.0562558
61	18	0.0971689
61	19	-0.0738761
61	20	0.0133897
61	21	-0.210271
61	22	-0.143271
61	23	0.131977
61	24	0.162857
61	25	0.559183
61	26	1.14053
61	27	-0.173231
61	28	1.14059
61	29	1.02498
61	30	0.13021
61	31	0.982685
61	32	1.61438
61	33	1.34905
61	34	0.595928
61	35	0.355049
61	36	2.00977
61	37	0.220696
62	1	-0.188674
62	2	-0.0111417
62	3	0.00570616
62	4	-0.0806793
62	5	-0.0587372
62	6	0.00249726
62	7	-0.0725884
62	8	-0.0852098
62	9	-0.126256
62	10	-0.0675956
62	11	-0.0638192
62	12	-0.048383
62	13	0.0174683
62	14	-0.0284849
62	15	-0.137847
62	16	-0.211484
62	17	0.130914
62	18	-0.142902
62	19	0.0453513
62	20	-0.187301
62	21	-0.202728
62	22	-0.405206
62	23	0.0866657
62	24	-0.464719
62	25	0.202143
62	26	0.317249
62	27	-0.286108
62	28	0.646481
62	29	0.172172
62	30	-10.7384
62	31	-14.9244
62	32	-14.7526
62	33	-22.1253
62	34	-22.8125
62	35	-15.2294
62	36	-16.9852
62	37	-17.9415
63	1	-0.166304
63	2	-0.0294368
63	3	0.00843396
63	4	0.0391192
63	5	-0.0935738
63	6	-0.147572
63	7	0.0136097
63	8	-0.115377
63	9	0.0591814
63	10	0.0644847
63	11	0.0181158
63	12	-0.0786274
63	13	-0.0791706
63	14	0.0676871
63	15	0.159797
63	16	-0.178545
63	17	0.178049
63	18	-0.375734
63	19	-0.0294182
63	20	0.0564174
63	21	-0.263086
63	22	-0.191419
63	23	-0.0578409
63	24	-0.0540895
63	25	0.387204
63	26	1.07011
63	27	0.433085
63	28	-0.825333
63	29	-10.2833
63	30	-12.0044
63	31	-9.42814
63	32	-7.76893
63	33	-10.5047
63	34	-7.87512
63	35	-7.64897
63	36	-9.63386
63	37	-3.87091
64	1	-0.573693
64	2	0.0275098
64	3	-0.00322823
64	4	0.034613
64	5	-0.103986
64	6	-0.0827589
64	7	-0.0700748
64	8	-0.0325228
64	9	-0.00726278
64	10	-0.0379646
64	11	0.0121386
64	12	0.0174882
64	13	0.0253946
64	14	-0.0369489
64	15	-0.109972
64	16	0.210004
64	17	-0.0789039
64	18	-0.026283
64	19	0.149297
64	20	-0.331664
64	21	-0.530079
64	22	-0.271346
64	23	-0.473609
64	24	0.227691
64	25	0.398839
64	26	0.16435
64	27	0.555273
64	28	1.13955
64	29	-5.13847
64	30	0.686742
64	31	-0.966652
64	32	-0.526776
64	33	-0.312247
64	34	-2.61263
64	35	-7.31737
64	36	-8.3035
64	37	-4.80727
65	1	-0.127505
65	2	-0.0558481
65	3	0.0340467
65	4	0.00868432
65	5	-0.115565
65	6	-0.0169061
65	7	-0.156625
65	8	-0.132056
65	9	-0.0234535
65	10	-0.0155469
65	11	-0.107073
65	12	-0.0738382
65	13	0.0995521
65	14	0.0186593
65	15	-0.45569
65	16	-0.0341782
65	17	0.152323
65	18	-0.15922
65	19	0.0657366
65	20	-0.206867
65	21	-0.543405
65	22	-0.622456
65	23	-0.203114
65	24	-0.158299
65	25	0.666286
65	26	0.858757
65	27	0.383139
65	28	-2.21332
65	29	-1.15719
65	30	0.227902
65	31	-0.440751
65	32	0.516978
65	33	0.00324725
65	34	-0.0141638
65	35	0.497579
65	36	0.406789
65	37	0.37187
66	1	0.194308
66	2	0.0635123
66	3	-0.00707948
66	4	-0.0310259
66	5	0.0887056
66	6	-0.117023
66	7	-0.0651162
66	8	0.0580778
66	9	-0.0476964
66	10	-0.0554329
66	11	0.0159502
66	12	0.031508
66	13	0.000245183
66	14	0.153062
66	15	0.0476164
66	16	0.304909
66	17	0.0130899
66	18	-0.000376349
66	19	0.286171
66	20	-0.22428
66	21	0.0117847
66	22	-0.106627
66	23	-0.0203164
66	24	0.0543367
66	25	0.569957
66	26	1.18661
66	27	-0.676852
66	28	0.803055
66	29	0.491847
66	30	0.466801
66	31	0.264609
66	32	0.85877
66	33	1.37703
66	34	0.425627
66	35	0.142665
66	36	1.38801
66	37	0.893017
67	1	-0.0403835
67	2	0.00678249
67	3	0.0339708
67	4	4.34023e-05
67	5	0.0556203
67	6	-0.0684622
67	7	0.0823715
67	8	0.00832965
67	9	-0.0347287
67	10	0.0187685
67	11	0.0967848
67	12	-0.0157416
67	13	0.0779228
67	14	-0.0429564
67	15	0.279521
67	16	0.0371898
67	17	0.0040328
67	18	-0.0264966
67	19	0.0770156
67	20	-0.253561
67	21	-0.279995
67	22	0.119988
67	23	0.217251
67	24	0.0816066
67	25	1.05554
67	26	1.16729
67	27	0.368789
67	28	1.21465
67	29	1.29434
67	30	1.22695
67	31	-3.36463
67	32	-2.12919
67	33	-1.31664
67	34	0.495639
67	35	0.123714
67	36	0.142478
67	37	-1.32948
68	1	-0.364522
68	2	-0.0786011
68	3	0.00260763
68	4	0.0609693
68	5	0.0237731
68	6	0.0187948
68	7	0.0102003
68	8	-0.00617328
68	9	-0.0765462
68	10	-0.0140674
68	11	0.0220741
68	12	-0.00528205
68	13	-0.290411
68	14	-0.303624
68	15	0.231313
68	16	-0.192354
68	17	-0.36658
68	18	-0.506707
68	19	-0.313908
68	20	-0.429131
68	21	-0.396065
68	22	-1.00749
68	23	-0.121764
68	24	0.278679
68	25	0.495141
68	26	0.820214
68	27	0.651401
68	28	1.38139
68	29	1.343
68	30	1.01779
68	31	1.29343
68	32	1.60205
68	33	1.32019
68	34	1.23845
68	35	1.25321
68	36	0.81427
68	37	1.40639
69	1	-0.399731
69	2	0.0108463
69	3	0.00216312
69	4	-0.0303076
69	5	-0.118334
69	6	-0.150479
69	7	0.013707
69	8	-0.069516
69	9	-0.104917
69	10	-0.134528
69	11	0.0170466
69	12	0.0123378
69	13	-0.00275121
69	14	-0.042713
69	15	-0.0507531
69	16	-0.0422476
69	17	0.0635944
69	18	-0.32248
69	19	-0.151439
69	20	-0.0977408
69	21	-0.139712
69	22	-0.21976
69	23	-0.470304
69	24	-0.130083
69	25	0.552538
69	26	1.31556
69	27	1.01026
69	28	2.05196
69	29	0.957011
69	30	2.03409
69	31	0.795056
69	32	1.45081
69	33	1.13328
69	34	1.21922
69	35	-3.80571
69	36	1.10456
69	37	0.644796
70	1	-0.272163
70	2	-0.0854021
70	3	0.00810578
70	4	0.0328051
70	5	0.156374
70	6	-0.0555351
70	7	0.0633601
70	8	-0.0408182
70	9	0.0377666
70	10	0.0255844
70	11	0.0439949
70	12	0.0140774
70	13	0.0552102
70	14	-0.0479217
70	15	-0.0285568
70	16	-0.204714
70	17	-0.0379172
70	18	0.0814017
70	19	-0.432151
70	20	-0.183266
70	21	-0.673075
70	22	-0.713277
70	23	-0.439547
70	24	0.121292
70	25	-1.24817
70	26	-0.507405
70	27	-0.244333
70	28	1.28112
70	29	1.53253
70	30	1.85255
70	31	1.4327
70	32	1.69161
70	33	1.50607
70	34	1.094
70	35	1.84279
70	36	1.98105
70	37	1.77025
71	1	0.0698513
71	2	-0.0293857
71	3	-0.0144835
71	4	-0.112357
71	5	-0.0454795
71	6	-0.111667
71	7	0.0518212
71	8	-0.0731283
71	9	0.02245
71	10	-0.143568
71	11	-0.0128097
71	12	-0.0596576
71	13	-0.187741
71	14	-0.270323
71	15	-0.010161
71	16	0.0459975
71	17	0.22416
71	18	-0.0582143
71	19	0.0829239
71	20	-0.10372
71	21	-0.225231
71	22	-0.197715
71	23	0.046509
71	24	0.1808
71	25	0.459754
71	26	0.769733
71	27	0.0640294
71	28	1.28827
71	29	1.28441
71	30	0.507682
71	31	1.09728
71	32	1.3241
71	33	0.733117
71	34	1.82264
71	35	1.46585
71	36	0.999704
71	37	-8.13453
72	1	-0.205536
72	2	-0.113164
72	3	-0.00144181
72	4	-0.125103
72	5	-0.0849225
72	6	0.0383562
72	7	-0.0290482
72	8	-0.116803
72	9	-0.0894706
72	10	-0.243446
72	11	0.0536527
72	12	-0.0573346
72	13	-0.060937
72	14	-0.0301909
72	15	-0.0897405
72	16	-0.435367
72	17	-0.16742
72	18	-0.256185
72	19	-0.921768
72	20	-0.16101
72	21	-0.54505
72	22	-0.396585
72	23	0.106849
72	24	-0.218848
72	25	0.646684
72	26	0.803131
72	27	0.655762
72	28	1.62093
72	29	0.304109
72	30	1.67059
72	31	0.677899
72	32	-4.34977
72	33	-4.45426
72	34	-2.52954
72	35	-4.12393
72	36	-4.28278
72	37	-3.68185
73	1	-0.0840896
73	2	0.0106161
73	3	0.0246397
73	4	-0.189811
73	5	0.0508968
73	6	-0.235205
73	7	0.000800427
73	8	-0.0523399
73	9	0.0535447
73	10	-0.0753969
73	11	-0.0698435
73	12	-0.0400328
73	13	0.0771782
73	14	-0.0916538
73	15	-0.484183
73	16	0.0414097
73	17	-0.497787
73	18	0.0732179
73	19	0.0405916
73	20	0.144537
73	21	0.347852
73	22	-0.355005
73	23	-0.850716
73	24	0.332882
73	25	0.796071
73	26	-1.47019
73	27	1.08476
73	28	-0.92381
73	29	-1.30577
73	30	-0.402156
73	31	-2.39767
73	32	-5.20301
73	33	-7.55076
73	34	-4.01609
73	35	-5.3892
73	36	-4.56281
73	37	-4.52857
74	1	-0.0761714
74	2	-0.104468
74	3	-0.101007
74	4	-0.107979
74	5	-0.271444
74	6	-0.101911
74	7	-0.0211552
74	8	-0.0198135
74	9	-0.0241194
74	10	-0.18863
74	11	-0.0737386
74	12	-0.0594082
74	13	-0.0721076
74	14	-0.395241
74	15	-0.706965
74	16	-0.199983
74	17	-0.108055
74	18	0.0152869
74	19	-0.263473
74	20	-0.468268
74	21	-0.497425
74	22	-1.0311
74	23	-0.382348
74	24	-0.2844
74	25	0.213841
74	26	1.12972
74	27	0.26643
74	28	1.1798
74	29	1.0707
74	30	1.18815
74	31	0.143216
74	32	1.25193
74	33	0.746275
74	34	2.45514
74	35	0.553261
74	36	1.64919
74	37	1.70765
75	1	-0.305218
75	2	-0.109167
75	3	-0.0628866
75	4	0.00167406
75	5	-0.233959
75	6	-0.0843064
75	7	-0.108003
75	8	-0.156972
75	9	-0.0275603
75	10	-0.126248
75	11	-0.139497
75	12	-0.167754
75	13	-0.180597
75	14	-0.313394
75	15	-0.359348
75	16	-0.20348
75	17	-0.126283
75	18	-0.296672
75	19	-0.303599
75	20	-0.276076
75	21	-0.35738
75	22	-0.663396
75	23	-0.300787
75	24	-0.195135
75	25	-0.0423313
75	26	0.614585
75	27	0.704817
75	28	1.20778
75	29	1.40624
75	30	1.5728
75	31	1.41915
75	32	1.44402
75	33	1.84306
75	34	1.32905
75	35	2.02262
75	36	1.03995
75	37	2.69652
76	1	-0.04134
76	2	0.0321194
76	3	0.0102653
76	4	0.0363107
76	5	-0.0221989
76	6	-0.224124
76	7	0.0465658
76	8	-0.115184
76	9	-0.076406
76	10	-0.345554
76	11	0.0208536
76	12	-0.02495
76	13	0.0501249
76	14	-0.140935
76	15	-0.327493
76	16	0.166578
76	17	-0.110073
76	18	-0.311648
76	19	-0.0380761
76	20	-0.505651
76	21	0.0139527
76	22	-0.592149
76	23	-0.608737
76	24	-0.192784
76	25	0.222189
76	26	0.705461
76	27	0.713375
76	28	1.35514
76	29	1.18375
76	30	1.57557
76	31	1.76334
76	32	2.02322
76	33	2.38955
76	34	2.24212
76	35	1.75012
76	36	2.07859
76	37	2.95106
77	1	-0.0774051
77	2	0.0143727
77	3	0.0244779
77	4	-0.0737467
77	5	-0.0253722
77	6	-0.0331786
77	7	0.0439359
77	8	0.0517955
77	9	-0.034138
77	10	-0.00570891
77	11	-0.0207992
77	12	0.0150548
77	13	-0.07294
77	14	0.0260893
77	15	-0.233795
77	16	-0.149154
77	17	-0.0574049
77	18	-0.311722
77	19	-0.154934
77	20	-0.157387
77	21	-0.437581
77	22	-0.0701634
77	23	-0.0427423
77	24	0.278365
77	25	0.33364
77	26	0.451311
77	27	1.19974
77	28	2.31859
77	29	1.05467
77	30	1.37867
77	31	1.43942
77	32	1.45448
77	33	1.18127
77	34	1.36042
77	35	1.44255
77	36	2.35352
77	37	2.02395
78	1	-0.270385
78	2	0.0835613
78	3	0.0222639
78	4	0.0824583
78	5	-0.0477729
78	6	-0.0524234
78	7	0.00163801
78	8	0.00303402
78	9	-0.0708972
78	10	-0.00733256
78	11	-0.00770317
78	12	0.0726656
78	13	0.0441638
78	14	0.00817712
78	15	-0.0895232
78	16	0.102607
78	17	0.0155145
78	18	-0.158463
78	19	0.277375
78	20	0.299998
78	21	0.260846
78	22	0.081709
78	23	0.0604305
78	24	0.61349
78	25	0.229339
78	26	-6.47911
78	27	-6.8704
78	28	-10.733
78	29	-11.6938
78	30	-9.5463
78	31	-10.7597
78	32	-10.1952
78	33	-2.60233
78	34	-2.68178
78	35	-2.31142
78	36	0.941485
78	37	2.24484
79	1	0.0855614
79	2	0.081367
79	3	-0.0206616
79	4	0.0997072
79	5	0.0493669
79	6	-0.0103621
79	7	0.0630018
79	8	-0.0525914
79	9	-0.0108616
79	10	0.0197746
79	11	0.0520058
79	12	-0.00401742
79	13	-0.0981988
79	14	0.135714
79	15	0.151726
79	16	0.282054
79	17	0.103105
79	18	-0.267825
79	19	0.161522
79	20	-0.0420653
79	21	-0.587464
79	22	-0.212304
79	23	-0.273213
79	24	0.515308
79	25	0.809366
79	26	0.834655
79	27	-0.00518513
79	28	1.58261
79	29	1.16403
79	30	0.963242
79	31	1.46687
79	32	1.49668
79	33	2.51968
79	34	2.26742
79	35	1.65086
79	36	2.8928
79	37	2.69557
80	1	0.255917
80	2	0.0774614
80	3	0.00331952
80	4	0.00339024
80	5	-0.00562703
80	6	-0.0138753
80	7	0.0619669
80	8	0.125394
80	9	-0.0738212
80	10	0.00466285
80	11	0.0919235
80	12	0.0898516
80	13	-0.209832
80	14	0.0364051
80	15	0.079666
80	16	0.208105
80	17	-0.082936
80	18	-0.319646
80	19	0.156889
80	20	-0.129773
80	21	-0.026942
80	22	0.196706
80	23	0.403235
80	24	0.705216
80	25	0.29499
80	26	0.954602
80	27	0.277478
80	28	1.62134
80	29	1.59408
80	30	1.74015
80	31	1.76015
80	32	1.88745
80	33	2.14288
80	34	2.29896
80	35	2.95993
80	36	1.25441
80	37	2.16732
81	1	0.34011
81	2	0.0603426
81	3	0.0322182
81	4	-0.00568262
81	5	0.0226031
81	6	-0.0501526
81	7	0.0174041
81	8	0.0328895
81	9	0.0166267
81	10	0.0749543
81	11	0.0959948
81	12	0.00393302
81	13	0.192925
81	14	0.0338643
81	15	0.390241
81	16	0.275758
81	17	0.0912597
81	18	-0.0951343
81	19	0.216513
81	20	-0.0896242
81	21	0.13371
81	22	-0.0823079
81	23	0.0488827
81	24	0.494593
81	25	1.2058
81	26	1.34604
81	27	0.878933
81	28	1.75545
81	29	1.60877
81	30	1.14901
81	31	1.43657
81	32	1.69241
81	33	1.67233
81	34	-8.13924
81	35	-9.92092
81	36	-11.7464
81	37	-10.5619
82	1	0.235397
82	2	0.0702521
82	3	0.0700773
82	4	-0.084205
82	5	0.101227
82	6	-0.0379437
82	7	0.0478672
82	8	0.0414028
82	9	0.0141801
82	10	0.0381601
82	11	-0.017733
82	12	0.0393168
82	13	0.171681
82	14	0.271143
82	15	0.0245438
82	16	0.083925
82	17	0.044252
82	18	-0.0900199
82	19	0.254344
82	20	0.234052
82	21	0.193629
82	22	0.363131
82	23	0.251326
82	24	0.635805
82	25	1.18084
82	26	1.54706
82	27	0.539513
82	28	1.96224
82	29	1.5479
82	30	1.74499
82	31	2.65709
82	32	2.1618
82	33	2.54783
82	34	2.97623
82	35	2.74698
82	36	3.39178
82	37	3.38981
83	1	0.312285
83	2	0.0729029
83	3	0.0445869
83	4	0.203291
83	5	0.0973952
83	6	0.116596
83	7	0.0394268
83	8	0.0886083
83	9	0.123652
83	10	0.124838
83	11	0.131486
83	12	0.0545527
83	13	-0.0460001
83	14	0.150223
83	15	0.191187
83	16	0.221133
83	17	0.0624685
83	18	-0.078099
83	19	0.529399
83	20	0.337545
83	21	0.336516
83	22	0.156911
83	23	0.694844
83	24	0.297182
83	25	-1.3153
83	26	-11.6124
83	27	-13.1872
83	28	-12.8916
83	29	-12.603
83	30	-12.58
83	31	-11.9912
83	32	-10.96
83	33	-10.7217
83	34	-10.2046
83	35	-9.05791
83	36	-6.5615
83	37	-6.63297
84	1	0.405054
84	2	0.056797
84	3	0.0206876
84	4	-0.0285181
84	5	0.0499381
84	6	0.0745731
84	7	0.0216594
84	8	0.0581252
84	9	0.0561038
84	10	0.0342413
84	11	0.014318
84	12	0.0748682
84	13	0.0590287
84	14	0.124778
84	15	0.273585
84	16	-0.0480859
84	17	0.0120165
84	18	-0.197639
84	19	0.299919
84	20	0.294152
84	21	0.0366763
84	22	0.365119
84	23	0.490185
84	24	1.03612
84	25	0.739634
84	26	1.21778
84	27	1.4932
84	28	1.41292
84	29	1.16912
84	30	1.6126
84	31	1.76447
84	32	2.81722
84	33	2.54113
84	34	1.91335
84	35	2.54656
84	36	3.14526
84	37	2.88072
85	1	0.0672208
85	2	0.0124859
85	3	-7.45724e-05
85	4	-0.0253392
85	5	-0.00688725
85	6	0.0349959
85	7	0.0357275
85	8	-0.150966
85	9	-0.0185397
85	10	0.0518624
85	11	0.0183437
85	12	0.0499806
85	13	0.124637
85	14	0.243623
85	15	0.226458
85	16	0.184187
85	17	0.14068
85	18	0.0256957
85	19	0.399928
85	20	0.242468
85	21	0.357218
85	22	0.530381
85	23	0.570614
85	24	0.58388
85	25	1.24852
85	26	1.40267
85	27	1.55318
85	28	1.99056
85	29	1.62627
85	30	1.55361
85	31	2.72639
85	32	2.40421
85	33	2.44811
85	34	1.37528
85	35	3.3519
85	36	2.54135
85	37	4.04367
86	1	0.321825
86	2	0.0974742
86	3	0.0316709
86	4	0.113022
86	5	0.119214
86	6	-0.0306554
86	7	0.0622505
86	8	0.077895
86	9	0.0483717
86	10	0.102503
86	11	0.128396
86	12	0.0724902
86	13	0.234993
86	14	0.265104
86	15	0.0461905
86	16	0.153944
86	17	0.226163
86	18	0.252134
86	19	0.455026
86	20	0.535178
86	21	0.410709
86	22	0.292647
86	23	0.886308
86	24	0.540739
86	25	1.16391
86	26	1.80443
86	27	1.66644
86	28	2.40052
86	29	2.41857
86	30	2.14732
86	31	2.91509
86	32	2.48414
86	33	2.60931
86	34	3.38707
86	35	3.02728
86	36	2.2808
86	37	4.32009
87	1	0.394315
87	2	0.02844
87	3	-0.0161008
87	4	0.13255
87	5	0.0681156
87	6	0.00565541
87	7	0.0589951
87	8	0.075586
87	9	0.00401382
87	10	0.126613
87	11	0.00731574
87	12	0.0572292
87	13	0.147392
87	14	0.28653
87	15	0.125764
87	16	0.226554
87	17	0.234652
87	18	0.213574
87	19	0.113462
87	20	-0.0499416
87	21	0.186167
87	22	0.515487
87	23	0.0508161
87	24	0.908746
87	25	1.13449
87	26	0.832672
87	27	1.61803
87	28	2.36266
87	29	1.57202
87	30	2.41438
87	31	2.82135
87	32	2.48593
87	33	3.88421
87	34	2.44378
87	35	3.28698
87	36	4.41154
87	37	2.38238
88	1	0.246003
88	2	0.081772
88	3	0.0809928
88	4	0.0858382
88	5	0.150539
88	6	0.157734
88	7	0.0759959
88	8	0.0882337
88	9	0.0532159
88	10	0.0748772
88	11	0.110424
88	12	0.110572
88	13	0.206041
88	14	0.137357
88	15	0.158792
88	16	0.108111
88	17	0.239054
88	18	-0.0231119
88	19	-0.0274088
88	20	0.417705
88	21	0.377856
88	22	-0.112236
88	23	0.547245
88	24	0.689144
88	25	1.11119
88	26	2.09347
88	27	1.66882
88	28	2.47903
88	29	1.38381
88	30	2.92775
88	31	1.98486
88	32	2.77979
88	33	3.4926
88	34	3.92746
88	35	4.04534
88	36	2.85502
88	37	3.18993
89	1	0.123604
89	2	0.117595
89	3	-0.0130693
89	4	0.0410636
89	5	0.140651
89	6	0.0581024
89	7	0.0297771
89	8	0.0663851
89	9	0.0748966
89	10	0.0608927
89	11	0.0717916
89	12	0.0286122
89	13	0.113111
89	14	0.173029
89	15	0.206671
89	16	0.250437
89	17	-0.0856615
89	18	0.402006
89	19	0.441243
89	20	0.268413
89	21	-0.038552
89	22	0.490339
89	23	0.0720883
89	24	0.944788
89	25	0.661959
89	26	1.77715
89	27	1.9576
89	28	2.58201
89	29	2.61393
89	30	2.58427
89	31	3.14125
89	32	1.97515
89	33	3.45488
89	34	2.84169
89	35	2.44916
89	36	4.75996
89	37	3.90447
90	1	0.393829
90	2	0.0598109
90	3	-0.0744783
90	4	0.159703
90	5	0.0763946
90	6	0.0948256
90	7	0.0802715
90	8	0.0589468
90	9	-0.014524
90	10	0.176773
90	11	0.0930328
90	12	0.0317982
90	13	-0.0127077
90	14	0.0252142
90	15	0.108436
90	16	0.189186
90	17	-0.0500619
90	18	0.301517
90	19	0.219245
90	20	-0.0912679
90	21	0.626806
90	22	0.314369
90	23	0.286381
90	24	0.922613
90	25	1.30294
90	26	1.06073
90	27	0.878966
90	28	2.19177
90	29	2.19444
90	30	2.24232
90	31	1.97243
90	32	3.29293
90	33	3.225
90	34	3.62622
90	35	4.02817
90	36	1.85575
90	37	4.76278
91	1	0.0809037
91	2	0.0907891
91	3	0.0418388
91	4	0.183167
91	5	-0.00132569
91	6	0.0988001
91	7	0.079161
91	8	0.0912537
91	9	0.0830743
91	10	0.11975
91	11	0.0483167
91	12	0.0873902
91	13	0.0633865
91	14	0.0150356
91	15	0.212403
91	16	0.136934
91	17	0.140166
91	18	-0.0828949
91	19	0.49123
91	20	-0.218307
91	21	0.108978
91	22	-0.111574
91	23	-0.327645
91	24	0.134572
91	25	-0.0923252
91	26	1.75383
91	27	1.70366
91	28	2.34067
91	29	2.0975
91	30	2.23242
91	31	3.33863
91	32	2.75976
91	33	3.34106
91	34	2.74826
91	35	2.81113
91	36	3.54121
91	37	3.87318
92	1	0.339565
92	2	-0.012422
92	3	-0.0987283
92	4	0.0696494
92	5	0.164886
92	6	0.0988621
92	7	0.0345492
92	8	0.0191568
92	9	0.106527
92	10	-0.0119395
92	11	0.0539224
92	12	0.0954377
92	13	0.238204
92	14	0.124242
92	15	0.275992
92	16	0.0781793
92	17	0.0828105
92	18	0.0137496
92	19	0.152465
92	20	0.297798
92	21	0.0791053
92	22	0.382642
92	23	0.572118
92	24	0.796667
92	25	0.899003
92	26	1.35269
92	27	1.56661
92	28	2.33991
92	29	2.20689
92	30	1.51951
92	31	2.95791
92	32	3.18149
92	33	0.852478
92	34	2.68433
92	35	1.32894
92	36	4.13289
92	37	4.56061
93	1	0.410538
93	2	0.0173725
93	3	0.0382334
93	4	0.106887
93	5	0.126372
93	6	-0.00291926
93	7	0.0811628
93	8	-0.000233126
93	9	0.0873887
93	10	0.109835
93	11	0.100293
93	12	0.125732
93	13	0.0827654
93	14	0.244594
93	15	0.115324
93	16	-0.00575198
93	17	0.229348
93	18	-0.0693679
93	19	0.405642
93	20	0.331792
93	21	0.388627
93	22	0.241479
93	23	0.460791
93	24	0.0950582
93	25	1.14875
93	26	1.88303
93	27	1.52389
93	28	2.06247
93	29	2.32329
93	30	2.30273
93	31	2.40285
93	32	2.26821
93	33	2.43404
93	34	2.47812
93	35	2.06355
93	36	2.93258
93	37	3.2953
94	1	0.350013
94	2	0.0390274
94	3	0.0710588
94	4	0.197679
94	5	0.0306144
94	6	-0.00543589
94	7	0.045936
94	8	0.0183787
94	9	0.058441
94	10	0.142654
94	11	0.0653211
94	12	0.0466005
94	13	0.0178988
94	14	0.0561034
94	15	0.0198737
94	16	0.27158
94	17	-0.0206568
94	18	0.192519
94	19	0.376084
94	20	0.218137
94	21	0.449496
94	22	0.238804
94	23	0.646688
94	24	1.29567
94	25	1.06022
94	26	1.63158
94	27	0.853906
94	28	2.60284
94	29	2.52376
94	30	1.69615
94	31	2.97151
94	32	2.49039
94	33	3.32724
94	34	3.92584
94	35	4.2206
94	36	3.86831
94	37	4.29674
95	1	0.334056
95	2	0.0621797
95	3	0.024731
95	4	0.0767018
95	5	0.0977863
95	6	0.0281687
95	7	-0.0148094
95	8	-0.0241041
95	9	0.0302542
95	10	0.00911481
95	11	0.0712442
95	12	0.0924024
95	13	0.0532099
95	14	0.0451837
95	15	0.22051
95	16	0.404417
95	17	-0.134157
95	18	-0.14366
95	19	0.279842
95	20	-0.0437525
95	21	-0.0179368
95	22	0.0496367
95	23	0.614707
95	24	0.268096
95	25	1.74085
95	26	1.39589
95	27	1.38289
95	28	2.76449
95	29	1.84159
95	30	2.48906
95	31	2.73453
95	32	2.60666
95	33	2.30721
95	34	1.80259
95	35	3.32181
95	36	2.78852
95	37	4.67659
96	1	0.0297546
96	2	0.0913453
96	3	0.0698142
96	4	0.050668
96	5	0.169908
96	6	0.142469
96	7	0.0892474
96	8	0.101765
96	9	0.0963959
96	10	0.13253
96	11	0.143427
96	12	0.104006
96	13	0.298037
96	14	-0.0392024
96	15	0.129106
96	16	0.35232
96	17	0.384698
96	18	0.246076
96	19	0.215078
96	20	0.29579
96	21	0.486537
96	22	0.331831
96	23	0.926154
96	24	0.787098
96	25	1.83732
96	26	1.56917
96	27	1.84476
96	28	2.61152
96	29	2.91878
96	30	2.60602
96	31	3.10615
96	32	2.96749
96	33	3.98566
96	34	3.21894
96	35	4.62827
96	36	4.00162
96	37	5.20147
97	1	0.116166
97	2	0.123454
97	3	-0.0460712
97	4	0.250975
97	5	0.161404
97	6	-0.076919
97	7	0.0330735
97	8	0.0649111
97	9	0.128355
97	10	0.117656
97	11	0.110162
97	12	0.044011
97	13	0.209189
97	14	0.103919
97	15	0.270196
97	16	0.322525
97	17	0.0984401
97	18	0.0872675
97	19	0.216003
97	20	0.267203
97	21	0.455749
97	22	0.513917
97	23	0.732708
97	24	1.12238
97	25	1.41115
97	26	1.86354
97	27	1.57568
97	28	2.83004
97	29	2.20308
97	30	2.86763
97	31	3.25787
97	32	2.7695
97	33	3.36882
97	34	3.70683
97	35	4.42031
97	36	4.61581
97	37	5.33603
98	1	0.292798
98	2	0.0420667
98	3	0.056463
98	4	0.243795
98	5	0.153042
98	6	0.124439
98	7	0.000809111
98	8	0.0668149
98	9	0.0198175
98	10	0.127252
98	11	0.0763156
98	12	0.0553364
98	13	0.128124
98	14	-0.0709257
98	15	0.293844
98	16	0.169882
98	17	0.124289
98	18	0.30145
98	19	0.283789
98	20	0.295975
98	21	0.51933
98	22	0.0935318
98	23	0.773965
98	24	0.944726
98	25	1.23398
98	26	2.14928
98	27	1.75285
98	28	2.94841
98	29	2.59351
98	30	2.53829
98	31	3.17883
98	32	3.24002
98	33	3.37544
98	34	3.9713
98	35	4.37936
98	36	4.81693
98	37	4.94862
99	1	0.323429
99	2	0.0839964
99	3	-0.0157826
99	4	0.143016
99	5	0.0834505
99	6	0.0141195
99	7	-0.00284522
99	8	0.0951234
99	9	0.0406001
99	10	0.103369
99	11	0.0820888
99	12	0.0910336
99	13	0.150164
99	14	0.125972
99	15	-0.130562
99	16	0.137205
99	17	0.251762
99	18	-0.0631002
99	19	0.187705
99	20	-0.0752943
99	21	-0.0344584
99	22	0.146586
99	23	0.168479
99	24	0.030081
99	25	0.877747
99	26	1.10002
99	27	1.46674
99	28	1.34936
99	29	1.84013
99	30	2.03299
99	31	2.12991
99	32	1.63413
99	33	2.8392
99	34	2.39814
99	35	3.64126
99	36	3.01557
99	37	3.53048
100	1	0.401899
100	2	0.0742966
100	3	0.0379049
100	4	0.187778
100	5	0.0975904
100	6	0.053379
100	7	0.0749254
100	8	0.0349776
100	9	0.108228
100	10	0.0907064
100	11	0.0533158
100	12	0.101002
100	13	-0.0705586
100	14	-0.0175618
100	15	0.00275245
100	16	-0.128054
100	17	0.0798659
100	18	-0.0965239
100	19	-0.123043
100	20	-0.0803593
100	21	-0.286115
100	22	-0.0267578
100	23	-0.0715093
100	24	0.431793
100	25	0.557583
100	26	1.52107
100	27	0.723283
100	28	2.01478
100	29	1.26281
100	30	1.64073
100	31	2.41672
100	32	2.55645
100	33	1.69535
100	34	2.49355
100	35	1.98212
100	36	3.59492
100	37	2.49253
>>END_MODULE
>>Per sequence quality scores	pass
#Quality	Count
2	1
3	10
4	8
5	23
6	26
7	33
8	45
9	65
10	69
11	94
12	139
13	155
14	209
15	243
16	250
17	362
18	488
19	372
20	397
21	497
22	563
23	805
24	1161
25	1581
26	2537
27	3993
28	7078
29	10680
30	15103
31	22126
32	32714
33	45794
34	63198
35	87886
36	124247
37	179099
38	253713
39	292087
40	78632
>>END_MODULE
>>Per base sequence content	fail
#Base	G	A	T	C
1	40.0279	7.75526	8.44496	43.7718
2	27.151	15.2031	31.0365	26.6095
3	25.9517	19.9907	17.7834	36.2742
4	35.7244	22.9704	16.1882	25.1169
5	30.2272	28.2263	21.1216	20.4249
6	24.7163	32.2289	20.9634	22.0914
7	22.7662	16.335	35.5372	25.3616
8	24.6278	21.9378	24.6104	28.824
9	25.8949	20.1925	26.7731	27.1396
10	27.0523	32.4483	18.959	21.5404
11	29.3009	23.4351	18.1885	29.0755
12	26.4306	20.2936	24.8176	28.4582
13	26.921	22.9437	24.7056	25.4111
14	26.0803	23.4551	24.3079	26.141
15	26.1725	23.4713	23.6629	26.6915
16	27.5076	22.7556	22.7347	26.9934
17	27.0284	23.7547	23.0942	26.102
18	26.3508	23.6692	23.4522	26.4694
19	27.66	22.5185	22.7018	27.0495
20	26.9787	23.8793	23.0404	26.0344
21	26.7166	23.2769	23.464	26.4681
22	27.842	22.724	22.3392	27.0029
23	26.9841	23.505	23.3044	26.0961
24	26.4344	23.2945	23.4498	26.731
25	27.6952	22.7776	22.3611	27.0979
26	27.1069	23.4276	22.9061	25.9653
27	26.838	23.169	22.9861	26.9023
28	28.0549	22.1704	22.4101	27.2407
29	27.16	23.3556	22.9411	26.366
30	27.0813	22.8567	22.8076	27.0311
31	28.1844	21.8894	21.7489	27.4982
32	28.0981	22.7542	22.2672	26.6592
33	27.3389	22.7526	22.7525	26.9089
34	28.6499	21.7905	21.669	27.2113
35	27.9102	22.7403	22.6157	26.5153
36	27.9666	22.1395	22.3227	27.3589
37	29.891	21.0614	20.9392	27.8886
>>END_MODULE
>>Per sequence GC content	warn
#GC Content	Count
0	113
1	70.5
2	28
3	28
4	27.5
5	27
6	27
7	61.5
8	96
9	150
10	204
11	204
12	368.5
13	533
14	533
15	800.5
16	1068
17	1068
18	1565
19	2062
20	2882
21	3702
22	3702
23	5017
24	6332
25	6332
26	7457.5
27	8583
28	10590.5
29	12598
30	12598
31	14963.5
32	17329
33	17329
34	20300
35	23271
36	27270
37	31269
38	31269
39	36079.5
40	40890
41	40890
42	47433
43	53976
44	53976
45	62088
46	70200
47	80057.5
48	89915
49	89915
50	99857
51	109799
52	109799
53	117160
54	124520
55	128884
56	133249
57	133249
58	131190
59	129130
60	129130
61	121718
62	114306
63	114306
64	102736
65	91166
66	78147.5
67	65129
68	65129
69	54439.5
70	43750
71	43750
72	34839
73	25928
74	19902.5
75	13877
76	13877
77	10449
78	7021
79	7021
80	5182.5
81	3344
82	2499
83	1654
84	1654
85	1204
86	754
87	754
88	565
89	376
90	376
91	276.5
92	177
93	122.5
94	68
95	68
96	45.5
97	23
98	23
99	19.5
100	16
>>END_MODULE
>>Per base N content	pass
#Base	N-Count
1	0
2	0
3	0
4	0
5	0
6	0
7	0
8	0
9	0
10	0
11	0
12	0
13	0.0185082
14	0.0156545
15	0.00179375
16	0.00872413
17	0.0206281
18	0.0583783
19	0.0701192
20	0.0672655
21	0.0744405
22	0.0918888
23	0.110397
24	0.0902581
25	0.0681624
26	0.594056
27	0.104527
28	0.123932
29	0.177336
30	0.223403
31	0.679096
32	0.221283
33	0.247048
34	0.679341
35	0.218429
36	0.212314
37	0.219734
>>END_MODULE
>>Sequence Length Distribution	pass
#Length	Count
37	1226483.0
>>END_MODULE
>>Sequence Duplication Levels	pass
#Total Deduplicated Percentage	76.2632
#Duplication Level	Percentage of deduplicated	Percentage of total
1	88.5385	67.5222
2	6.66482	10.1656
3	1.92506	4.40433
4	0.886944	2.70565
5	0.52399	1.99806
6	0.315457	1.44346
7	0.227511	1.21455
8	0.182074	1.11084
9	0.129262	0.887216
>10	0.586778	7.3355
>50	0.0167	0.846197
>100	0.00281948	0.323113
>500	0.000108442	0.0432526
>1k	0	0
>5k	0	0
>10k+	0	0
>>END_MODULE
>>Overrepresented sequences	pass
>>END_MODULE
>>Adapter Content	pass
#Position	Illumina Universal Adapter	Illumina Small RNA 3' Adapter	Illumina Small RNA 5' Adapter	Nextera Transposase Sequence	PolyA	PolyG
1	0	0	0	0	0.0144315	8.15339e-05
2	0	0	0	0	0.0156545	0.000163068
3	8.15339e-05	0	0	0	0.0163883	0.000244602
4	0.000163068	0	8.15339e-05	0	0.0167145	0.000244602
5	0.000163068	0	0.00040767	0	0.0173667	0.000978407
6	0.000163068	0	0.000489204	0	0.0175298	0.00171221
7	0.000244602	0	0.000652272	0	0.0175298	0.00277215
8	0.000489204	0	0.000652272	0	0.0186713	0.00358749
9	0.000570738	0	0.000896873	0	0.0197312	0.00448437
10	0.000733806	0	0.000896873	0	0.0207096	0.00472897
11	0.000815339	0	0.000978407	0	0.0209542	0.00644118
12	0.000815339	0	0.000978407	0	0.0214434	0.00896873
13	0.000815339	0	0.00114148	0	0.0219326	0.0101917
14	0.00105994	8.15339e-05	0.00114148	0	0.0225034	0.0122301
15	0.00154914	8.15339e-05	0.00114148	0	0.0230741	0.0137792
16	0.00171221	8.15339e-05	0.00122301	0	0.0235633	0.0164699
17	0.00187528	8.15339e-05	0.00122301	0	0.0243787	0.0187528
18	0.00211988	8.15339e-05	0.00122301	0	0.0255201	0.021525
19	0.00228295	8.15339e-05	0.00130454	0	0.0263355	0.024134
20	0.00448437	8.15339e-05	0.00130454	0	0.0265801	0.0277215
21	0.00464743	8.15339e-05	0.00130454	0	0.0273139	0.0337551
22	0.0048105	8.15339e-05	0.00138608	0	0.0278846	0.0390548
23	0.00529971	8.15339e-05	0.00138608	0	0.0282107	0.044436
24	0.00619658	8.15339e-05	0.00138608	0	0.0284553	0.0511218
25	0.00750112	8.15339e-05	0.00146761	0	0.0290261	0.0590306
26	0.00872413	8.15339e-05	0.00146761	0	0.0292707	0.0671024
27	0.00872413	8.15339e-05	0.00146761	0	0.0292707	0.0671024
28	0.00872413	8.15339e-05	0.00146761	0	0.0292707	0.0671024
29	0.00872413	8.15339e-05	0.00146761	0	0.0292707	0.0671024
30	0.00872413	8.15339e-05	0.00146761	0	0.0292707	0.0671024
31	0.00872413	8.15339e-05	0.00146761	0	0.0292707	0.0671024
32	0.00872413	8.15339e-05	0.00146761	0	0.0292707	0.0671024
33	0.00872413	8.15339e-05	0.00146761	0	0.0292707	0.0671024
34	0.00872413	8.15339e-05	0.00146761	0	0.0292707	0.0671024
35	0.00872413	8.15339e-05	0.00146761	0	0.0292707	0.0671024
36	0.00872413	8.15339e-05	0.00146761	0	0.0292707	0.0671024
37	0.00872413	8.15339e-05	0.00146761	0	0.0292707	0.0671024
>>END_MODULE
