##Falco	1.2.4
>>Basic Statistics	pass
#Measure	Value
Filename	GSM461180_subsampled_reverse
File type	Conventional base calls
Encoding	Sanger / Illumina 1.9
Total Sequences	1226483
Sequences flagged as poor quality	0
Sequence length	37
%GC	56
>>END_MODULE
>>Per base sequence quality	warn
#Base	Mean	Median	Lower Quartile	Upper Quartile	10th Percentile	90th Percentile
1	37.2649	40	40	40	31	40
2	37.3343	40	40	40	34	40
3	36.8018	40	40	40	26	40
4	36.4508	40	40	40	22	40
5	36.2449	40	40	40	20	40
6	35.8767	40	40	40	17	40
7	36.6906	40	40	40	24	40
8	35.5151	40	40	40	14	40
9	35.1296	40	40	40	12	40
10	34.5874	40	40	40	11	40
11	34.9922	40	40	40	12	40
12	35.086	40	40	40	13	40
13	34.4279	40	40	40	10	40
14	34.1943	40	40	40	10	40
15	33.554	40	34	40	10	40
16	33.319	40	33	40	9	40
17	33.2179	40	32	40	9	40
18	32.2155	40	27	40	7	40
19	32.2834	40	26	40	8	40
20	31.0274	40	21	40	6	40
21	31.4859	40	23	40	7	40
22	31.2914	40	22	40	7	40
23	30.5096	40	20	40	6	40
24	29.6523	40	18	40	6	40
25	29.2416	40	17	40	6	40
26	28.4453	38	15	40	5	40
27	27.956	36	15	40	5	40
28	27.3135	34	14	40	5	40
29	26.6741	32	13	40	5	40
30	26.4289	31	13	40	5	40
31	25.5426	28	12	40	5	40
32	24.9827	27	11	40	4	40
33	24.2534	25	10	40	4	40
34	23.4969	24	10	40	4	40
35	23.1726	23	10	40	4	40
36	22.1615	21	9	40	4	40
37	21.8813	20	9	40	4	40
>>END_MODULE
>>Per tile sequence quality	fail
#Tile	Base	Mean
1	1	1.83514
1	2	1.09455
1	3	1.61997
1	4	-16.1205
1	5	-12.6775
1	6	-9.81926
1	7	-12.8683
1	8	1.8573
1	9	1.95624
1	10	-13.9549
1	11	-9.16191
1	12	-6.14351
1	13	-8.7155
1	14	-8.48063
1	15	-7.76374
1	16	-7.36496
1	17	-6.36831
1	18	-6.66736
1	19	-5.88161
1	20	-1.59026
1	21	-5.99412
1	22	0.205842
1	23	-5.11012
1	24	-4.77733
1	25	-3.06399
1	26	-2.74255
1	27	-3.88652
1	28	-0.321848
1	29	2.05636
1	30	-2.40412
1	31	1.41926
1	32	-0.389497
1	33	0.435305
1	34	0.472256
1	35	0.0470079
1	36	1.07674
1	37	1.04095
2	1	1.92153
2	2	1.86425
2	3	2.60066
2	4	2.75912
2	5	3.15262
2	6	3.61141
2	7	2.64548
2	8	-10.3406
2	9	-11.5555
2	10	-14.3479
2	11	-7.79897
2	12	-7.8254
2	13	-10.8629
2	14	-10.0723
2	15	-8.55222
2	16	-8.50334
2	17	-6.97583
2	18	-6.78594
2	19	-5.24131
2	20	-4.19763
2	21	-5.18326
2	22	-4.37878
2	23	-1.65875
2	24	-0.922522
2	25	0.398995
2	26	-0.0901303
2	27	0.138736
2	28	0.722798
2	29	0.237632
2	30	1.80929
2	31	-0.484669
2	32	1.54934
2	33	1.33153
2	34	0.859429
2	35	1.63159
2	36	-1.50912
2	37	1.84839
3	1	1.61268
3	2	2.26278
3	3	2.90017
3	4	2.81664
3	5	3.21057
3	6	3.63025
3	7	2.81519
3	8	3.61322
3	9	3.71003
3	10	3.81932
3	11	2.30549
3	12	1.88965
3	13	1.99099
3	14	-4.28193
3	15	-2.66454
3	16	-4.3513
3	17	-1.53931
3	18	2.19623
3	19	-0.306648
3	20	0.995404
3	21	0.401191
3	22	0.623293
3	23	1.29733
3	24	1.14316
3	25	2.3164
3	26	2.2215
3	27	2.3678
3	28	2.85316
3	29	4.37716
3	30	3.08172
3	31	1.0021
3	32	1.45938
3	33	2.03938
3	34	1.70978
3	35	2.77495
3	36	2.04147
3	37	0.871224
4	1	1.54949
4	2	2.01246
4	3	2.82996
4	4	2.71129
4	5	3.18146
4	6	3.63961
4	7	2.65957
4	8	3.90463
4	9	4.54841
4	10	4.87353
4	11	4.00538
4	12	4.5191
4	13	4.89844
4	14	4.87424
4	15	5.5812
4	16	5.71023
4	17	5.82491
4	18	6.76669
4	19	6.0449
4	20	7.26009
4	21	6.81255
4	22	6.78294
4	23	7.31603
4	24	7.9764
4	25	8.02197
4	26	7.82206
4	27	8.03841
4	28	7.25503
4	29	7.84576
4	30	6.8228
4	31	7.6823
4	32	7.95477
4	33	7.47494
4	34	6.81289
4	35	6.43521
4	36	-2.22016
4	37	3.14974
5	1	0.977431
5	2	2.04304
5	3	2.59323
5	4	2.64298
5	5	2.8037
5	6	3.70738
5	7	2.72505
5	8	4.06255
5	9	4.29789
5	10	4.91216
5	11	4.39579
5	12	4.50238
5	13	4.81051
5	14	5.18268
5	15	5.49098
5	16	5.48051
5	17	5.83137
5	18	6.4558
5	19	5.99757
5	20	7.54318
5	21	7.10939
5	22	6.77396
5	23	7.56374
5	24	7.73405
5	25	6.71822
5	26	7.91763
5	27	7.26246
5	28	8.27245
5	29	7.98015
5	30	7.56777
5	31	7.65053
5	32	8.40537
5	33	6.74225
5	34	5.72987
5	35	7.24396
5	36	7.58266
5	37	8.31934
6	1	1.70341
6	2	2.05072
6	3	2.37494
6	4	2.62232
6	5	2.89744
6	6	3.33609
6	7	2.73196
6	8	3.94165
6	9	4.27445
6	10	4.6981
6	11	4.17436
6	12	4.19255
6	13	4.477
6	14	5.01779
6	15	5.82206
6	16	5.89922
6	17	5.60559
6	18	6.40326
6	19	6.35643
6	20	7.80193
6	21	6.55371
6	22	6.86798
6	23	6.19704
6	24	7.29667
6	25	7.9184
6	26	7.01945
6	27	6.73878
6	28	8.7994
6	29	8.22753
6	30	7.90078
6	31	8.77953
6	32	8.53106
6	33	8.92367
6	34	8.75035
6	35	8.31265
6	36	8.40686
6	37	8.13451
7	1	2.04551
7	2	1.92546
7	3	2.67301
7	4	2.46586
7	5	2.6534
7	6	3.45873
7	7	2.81376
7	8	3.72477
7	9	4.25366
7	10	4.72401
7	11	4.54253
7	12	3.95459
7	13	4.63428
7	14	4.10243
7	15	5.44356
7	16	5.41536
7	17	4.43016
7	18	5.59889
7	19	6.25319
7	20	6.38914
7	21	6.61744
7	22	6.04504
7	23	5.93993
7	24	5.82306
7	25	7.16094
7	26	7.60184
7	27	7.02008
7	28	7.15068
7	29	8.32473
7	30	7.88813
7	31	7.77006
7	32	8.42398
7	33	7.79465
7	34	7.98057
7	35	7.60263
7	36	7.39385
7	37	6.76297
8	1	2.27591
8	2	1.91233
8	3	2.59768
8	4	2.74711
8	5	3.06321
8	6	3.43429
8	7	2.83515
8	8	4.08771
8	9	4.31354
8	10	5.05182
8	11	4.56105
8	12	4.12009
8	13	4.95977
8	14	5.14
8	15	5.35701
8	16	5.87212
8	17	5.36714
8	18	6.48832
8	19	6.6998
8	20	6.92174
8	21	6.60844
8	22	6.29593
8	23	6.24588
8	24	5.8645
8	25	6.83003
8	26	7.71041
8	27	6.26718
8	28	6.136
8	29	5.50538
8	30	4.80568
8	31	-2.59721
8	32	-4.03184
8	33	-3.65547
8	34	-2.55275
8	35	-1.68136
8	36	-2.91919
8	37	-2.89513
9	1	1.65228
9	2	1.94078
9	3	2.69382
9	4	2.75064
9	5	3.06068
9	6	3.61334
9	7	2.69148
9	8	3.94347
9	9	4.29404
9	10	4.74475
9	11	4.38708
9	12	4.03857
9	13	4.69975
9	14	5.24797
9	15	5.22196
9	16	5.91351
9	17	5.68305
9	18	6.46586
9	19	6.49431
9	20	7.71106
9	21	6.41967
9	22	6.51457
9	23	3.01805
9	24	2.5821
9	25	0.227899
9	26	-3.64044
9	27	-4.59959
9	28	-5.47731
9	29	-4.3429
9	30	-4.84484
9	31	-2.88834
9	32	-3.67238
9	33	1.23723
9	34	0.193312
9	35	1.75996
9	36	1.59574
9	37	3.478
10	1	1.27515
10	2	2.26044
10	3	2.77346
10	4	2.81893
10	5	3.05863
10	6	3.70365
10	7	3.03314
10	8	4.0474
10	9	4.49168
10	10	4.82594
10	11	4.6849
10	12	3.95248
10	13	4.97114
10	14	5.39829
10	15	5.6987
10	16	6.07766
10	17	5.80713
10	18	6.39986
10	19	6.35147
10	20	6.84707
10	21	5.81293
10	22	6.67254
10	23	4.83352
10	24	5.72355
10	25	4.1877
10	26	3.79303
10	27	2.5276
10	28	-3.4198
10	29	-1.31982
10	30	-4.02475
10	31	-4.18136
10	32	-3.95086
10	33	-2.09196
10	34	-3.45674
10	35	-8.32456
10	36	-8.77764
10	37	-8.85052
11	1	1.89593
11	2	1.6779
11	3	2.79956
11	4	2.13996
11	5	2.86365
11	6	3.2562
11	7	2.61787
11	8	3.92766
11	9	4.41722
11	10	5.04034
11	11	4.25251
11	12	4.30367
11	13	4.61482
11	14	5.14384
11	15	5.82818
11	16	4.84654
11	17	5.64235
11	18	5.24012
11	19	5.08111
11	20	4.55258
11	21	5.76224
11	22	5.60079
11	23	4.32359
11	24	3.67487
11	25	2.67883
11	26	-0.260549
11	27	-1.30599
11	28	-8.32706
11	29	-7.06058
11	30	-8.61247
11	31	-8.19077
11	32	-12.0142
11	33	-11.6044
11	34	-13.0771
11	35	-11.662
11	36	-11.661
11	37	-9.55609
12	1	1.78852
12	2	2.10792
12	3	2.36335
12	4	2.65422
12	5	2.70231
12	6	3.26758
12	7	2.74369
12	8	3.96484
12	9	4.16565
12	10	4.83753
12	11	4.05446
12	12	3.34302
12	13	4.23113
12	14	4.26761
12	15	4.60547
12	16	4.10271
12	17	4.19448
12	18	3.7292
12	19	4.09541
12	20	-10.625
12	21	-4.6015
12	22	-6.94821
12	23	-6.59955
12	24	-10.2854
12	25	-8.50286
12	26	-7.18644
12	27	-4.87984
12	28	-1.42189
12	29	3.23506
12	30	2.7763
12	31	3.15595
12	32	2.02696
12	33	1.43476
12	34	0.72087
12	35	1.5437
12	36	0.779186
12	37	-1.17397
13	1	1.44889
13	2	2.10481
13	3	2.65546
13	4	2.7873
13	5	2.76721
13	6	3.50406
13	7	2.70454
13	8	4.13926
13	9	-10.2043
13	10	4.7623
13	11	-9.98878
13	12	-8.10965
13	13	-3.16098
13	14	-1.71597
13	15	2.64766
13	16	3.61264
13	17	2.00398
13	18	1.40177
13	19	4.00867
13	20	3.18491
13	21	5.23121
13	22	4.14013
13	23	-5.64581
13	24	-8.24806
13	25	0.258864
13	26	-7.33703
13	27	-5.11972
13	28	-3.6331
13	29	-3.92198
13	30	-5.30831
13	31	-4.04301
13	32	-4.34722
13	33	-2.47925
13	34	-1.16751
13	35	-2.23471
13	36	-1.58564
13	37	-0.591021
14	1	2.00778
14	2	2.07561
14	3	2.57064
14	4	2.74106
14	5	2.74086
14	6	3.70604
14	7	2.78128
14	8	3.61505
14	9	4.26263
14	10	3.73264
14	11	2.95018
14	12	-6.57422
14	13	-4.89018
14	14	-7.35649
14	15	-9.13948
14	16	-7.86322
14	17	-8.86141
14	18	-6.97234
14	19	-7.08064
14	20	-6.43913
14	21	-7.06028
14	22	-6.7314
14	23	-1.08825
14	24	-4.08659
14	25	-5.67957
14	26	-6.61441
14	27	-3.21674
14	28	-8.28369
14	29	-8.27877
14	30	-11.7785
14	31	-10.7311
14	32	-13.0998
14	33	-10.6115
14	34	-9.3081
14	35	-8.17983
14	36	-7.4334
14	37	-7.04267
15	1	1.91178
15	2	2.1828
15	3	2.74583
15	4	2.36037
15	5	3.09094
15	6	3.57154
15	7	2.64364
15	8	3.26514
15	9	3.97574
15	10	1.26067
15	11	-1.57136
15	12	-5.5372
15	13	-9.44307
15	14	-10.1208
15	15	-3.2128
15	16	-8.84951
15	17	-9.89155
15	18	-6.54143
15	19	-9.45668
15	20	-8.43051
15	21	-9.39328
15	22	-10.0231
15	23	-9.38308
15	24	-8.77307
15	25	-7.99631
15	26	-7.5806
15	27	-17.3925
15	28	-12.1447
15	29	-8.15287
15	30	-16.1331
15	31	-12.7373
15	32	-5.54488
15	33	-9.85071
15	34	-3.55499
15	35	-4.40673
15	36	-9.20726
15	37	0.442434
16	1	-2.2524
16	2	1.93114
16	3	2.13774
16	4	2.02649
16	5	2.3711
16	6	2.00798
16	7	1.2052
16	8	1.68823
16	9	1.83394
16	10	2.50456
16	11	-2.58758
16	12	-16.866
16	13	-13.9764
16	14	-13.4703
16	15	-14.0748
16	16	-12.7565
16	17	-15.4008
16	18	-15.8359
16	19	-2.83255
16	20	0.189353
16	21	-2.63026
16	22	-3.25764
16	23	-4.29803
16	24	-12.4215
16	25	-2.34308
16	26	-1.85311
16	27	-3.00575
16	28	-10.8841
16	29	-8.30449
16	30	-4.90487
16	31	-8.88229
16	32	-0.198628
16	33	-1.51282
16	34	-7.75684
16	35	-7.32872
16	36	-8.79237
16	37	1.03478
17	1	1.77908
17	2	1.99668
17	3	2.53641
17	4	2.68779
17	5	2.6789
17	6	2.72854
17	7	1.95401
17	8	2.80406
17	9	3.18797
17	10	2.30363
17	11	1.68025
17	12	0.538438
17	13	0.678735
17	14	1.02698
17	15	-0.692055
17	16	0.334235
17	17	-1.8987
17	18	-1.37273
17	19	-1.60475
17	20	-1.08356
17	21	-5.11581
17	22	-3.12364
17	23	-3.99078
17	24	-4.72196
17	25	-3.36277
17	26	-4.26134
17	27	-3.73954
17	28	-4.88599
17	29	-5.47682
17	30	-6.16589
17	31	-5.83561
17	32	-4.26391
17	33	-7.19211
17	34	-6.7916
17	35	-5.09979
17	36	-4.7352
17	37	-7.60334
18	1	-14.5859
18	2	-17.413
18	3	-13.0008
18	4	-16.8329
18	5	-9.37797
18	6	-13.6678
18	7	-13.6672
18	8	-19.5402
18	9	-26.3416
18	10	-18.0041
18	11	-16.0401
18	12	-12.4793
18	13	-13.015
18	14	-10.9974
18	15	-12.0747
18	16	-13.6426
18	17	-12.6772
18	18	-16.7926
18	19	-11.9707
18	20	-12.1449
18	21	-11.8941
18	22	-14.4091
18	23	-9.57888
18	24	-10.5748
18	25	-10.8123
18	26	-10.3549
18	27	-3.21758
18	28	-2.81969
18	29	-1.79275
18	30	-9.76411
18	31	-4.71401
18	32	-4.01159
18	33	-6.34939
18	34	-3.69396
18	35	-3.29445
18	36	-8.1725
18	37	-6.05705
19	1	0.820256
19	2	-3.43371
19	3	-7.24452
19	4	-6.36618
19	5	-10.9304
19	6	-9.78044
19	7	-2.97693
19	8	-8.35109
19	9	-8.83061
19	10	-9.30361
19	11	-8.2605
19	12	-8.42746
19	13	-7.70649
19	14	-0.138452
19	15	-1.89339
19	16	-9.24267
19	17	-8.9167
19	18	-8.57411
19	19	-8.57636
19	20	-7.73637
19	21	-10.4812
19	22	-7.4027
19	23	-6.3263
19	24	-7.88445
19	25	-7.39026
19	26	0.562211
19	27	-2.41267
19	28	-2.25098
19	29	-4.33142
19	30	-5.76672
19	31	-1.28795
19	32	-6.16929
19	33	-1.83338
19	34	-5.64206
19	35	-0.803153
19	36	-4.16174
19	37	-1.54962
20	1	0.97578
20	2	0.873401
20	3	1.11842
20	4	2.31229
20	5	2.5528
20	6	1.9906
20	7	1.017
20	8	1.80928
20	9	2.12662
20	10	2.09373
20	11	2.56294
20	12	1.67197
20	13	2.98116
20	14	1.5151
20	15	2.73438
20	16	2.30788
20	17	2.26171
20	18	-2.40006
20	19	2.78816
20	20	2.62735
20	21	1.66369
20	22	0.0274889
20	23	3.02214
20	24	2.92625
20	25	3.53861
20	26	2.25185
20	27	2.30733
20	28	3.58626
20	29	3.13672
20	30	2.22658
20	31	0.968763
20	32	2.17132
20	33	0.616664
20	34	2.02997
20	35	1.83666
20	36	2.29739
20	37	1.84627
21	1	-0.314171
21	2	-5.94308
21	3	0.612124
21	4	-6.8629
21	5	-12.6088
21	6	-8.41895
21	7	-12.3464
21	8	-11.3762
21	9	-13.3529
21	10	-8.20637
21	11	-14.4258
21	12	-5.2342
21	13	-12.8472
21	14	-1.60175
21	15	-5.61303
21	16	-8.87641
21	17	-9.87316
21	18	-10.003
21	19	-8.59822
21	20	-8.48079
21	21	-9.59626
21	22	-7.91589
21	23	-10.1952
21	24	-11.2122
21	25	-11.1168
21	26	-10.4021
21	27	-10.4816
21	28	-11.0183
21	29	-10.623
21	30	-7.14109
21	31	-8.35083
21	32	2.5119
21	33	0.852758
21	34	-6.58696
21	35	-5.48649
21	36	-4.6198
21	37	-7.09997
22	1	0.782147
22	2	1.78432
22	3	2.11053
22	4	1.9731
22	5	2.223
22	6	2.00343
22	7	1.80349
22	8	2.01646
22	9	2.81915
22	10	3.46886
22	11	3.82778
22	12	3.39826
22	13	4.12476
22	14	3.2353
22	15	4.0423
22	16	4.89093
22	17	4.83765
22	18	4.89165
22	19	5.0752
22	20	5.37358
22	21	3.6553
22	22	4.93101
22	23	5.75709
22	24	5.75638
22	25	5.32303
22	26	6.77507
22	27	4.24488
22	28	6.04984
22	29	4.47477
22	30	4.66793
22	31	1.4274
22	32	4.60575
22	33	5.33107
22	34	3.41008
22	35	2.73175
22	36	3.51954
22	37	1.58139
23	1	-15.1828
23	2	-23.8941
23	3	-17.0315
23	4	-9.28881
23	5	-14.3581
23	6	-4.89623
23	7	-0.244533
23	8	-0.00819218
23	9	3.23239
23	10	-12.7597
23	11	1.82537
23	12	2.17559
23	13	-11.2416
23	14	1.78551
23	15	-11.277
23	16	2.20562
23	17	-0.958184
23	18	2.78769
23	19	-1.36629
23	20	-7.74916
23	21	1.77325
23	22	4.21368
23	23	1.90742
23	24	-2.64011
23	25	1.80507
23	26	-4.1249
23	27	3.12415
23	28	2.49774
23	29	-4.68287
23	30	4.16416
23	31	2.34474
23	32	4.74669
23	33	1.54091
23	34	6.07214
23	35	1.58507
23	36	-0.336657
23	37	3.85624
24	1	-0.0894981
24	2	-4.56973
24	3	-19.1525
24	4	-1.83909
24	5	-3.1941
24	6	-15.1581
24	7	0.19662
24	8	1.81088
24	9	-1.66086
24	10	-2.3852
24	11	1.45177
24	12	1.37386
24	13	2.65015
24	14	1.45267
24	15	-2.82382
24	16	2.20172
24	17	-0.39354
24	18	-0.562072
24	19	2.0638
24	20	-0.221683
24	21	1.46093
24	22	-2.44511
24	23	0.438422
24	24	2.5124
24	25	0.838375
24	26	1.41083
24	27	-0.274576
24	28	1.8626
24	29	2.53263
24	30	1.65345
24	31	2.73834
24	32	0.491547
24	33	-2.22087
24	34	2.63044
24	35	1.19097
24	36	-0.230013
24	37	1.9405
25	1	0.726475
25	2	1.8455
25	3	2.4143
25	4	2.4878
25	5	2.17702
25	6	1.34791
25	7	1.19357
25	8	-1.2624
25	9	-8.52897
25	10	-8.60172
25	11	-6.53979
25	12	-1.34873
25	13	1.45355
25	14	1.44551
25	15	0.369825
25	16	0.883352
25	17	1.80858
25	18	-0.289951
25	19	1.71104
25	20	2.27829
25	21	3.66658
25	22	3.53333
25	23	1.64784
25	24	2.15432
25	25	4.78748
25	26	4.49155
25	27	2.31777
25	28	4.74567
25	29	0.482734
25	30	2.97348
25	31	-1.48435
25	32	3.90357
25	33	3.16447
25	34	3.92739
25	35	2.86701
25	36	-0.801608
25	37	1.94627
26	1	1.7146
26	2	1.40712
26	3	-0.62413
26	4	1.89058
26	5	1.55521
26	6	-7.18787
26	7	0.182407
26	8	-6.6729
26	9	-9.78739
26	10	-9.01474
26	11	-10.0426
26	12	-10.4182
26	13	-9.86921
26	14	-10.1794
26	15	-9.32599
26	16	-9.07532
26	17	-9.06767
26	18	-10.0907
26	19	-9.74072
26	20	-13.365
26	21	-11.8197
26	22	-11.898
26	23	-10.4546
26	24	-8.02526
26	25	-9.73245
26	26	-11.8665
26	27	-9.89801
26	28	-12.9125
26	29	-6.1313
26	30	-11.4324
26	31	-6.65171
26	32	-7.25112
26	33	-10.0818
26	34	-8.83494
26	35	-8.19096
26	36	-6.89942
26	37	-8.30732
27	1	0.984232
27	2	1.79052
27	3	1.97714
27	4	1.95925
27	5	2.09663
27	6	2.1996
27	7	2.00569
27	8	2.08949
27	9	-1.24641
27	10	-1.55788
27	11	2.66899
27	12	2.54054
27	13	3.04576
27	14	1.32703
27	15	1.7971
27	16	1.91949
27	17	1.65938
27	18	2.92277
27	19	2.57133
27	20	0.637159
27	21	0.347416
27	22	1.77103
27	23	1.66266
27	24	2.58168
27	25	1.37486
27	26	3.55218
27	27	1.3719
27	28	2.92779
27	29	3.23307
27	30	3.07748
27	31	2.64894
27	32	-0.484201
27	33	-0.674047
27	34	2.08554
27	35	2.87871
27	36	-0.133132
27	37	2.04542
28	1	-1.50352
28	2	1.04689
28	3	1.98533
28	4	2.04433
28	5	-3.44231
28	6	-3.85063
28	7	-1.9544
28	8	1.40337
28	9	1.66647
28	10	1.48503
28	11	1.13018
28	12	1.63444
28	13	1.99622
28	14	1.8891
28	15	-0.922945
28	16	-1.11206
28	17	1.93305
28	18	0.893463
28	19	-5.08178
28	20	-3.58705
28	21	2.39484
28	22	-2.4344
28	23	-3.19186
28	24	1.9793
28	25	-3.52027
28	26	-5.91833
28	27	-4.30627
28	28	-5.73891
28	29	-5.46962
28	30	0.132113
28	31	-6.25686
28	32	-6.83192
28	33	-8.72864
28	34	-8.8025
28	35	-10.511
28	36	-6.44256
28	37	-6.9469
29	1	1.50149
29	2	0.978179
29	3	-1.67152
29	4	-0.413604
29	5	1.02816
29	6	-3.69206
29	7	-0.67716
29	8	-2.25199
29	9	-0.889013
29	10	-1.36999
29	11	-3.84102
29	12	-3.10694
29	13	-2.49828
29	14	-3.59706
29	15	-12.3085
29	16	-3.47419
29	17	-1.84833
29	18	-2.02727
29	19	-2.88692
29	20	-0.0887811
29	21	-0.0482145
29	22	-0.659399
29	23	1.33432
29	24	2.28506
29	25	3.13488
29	26	3.62804
29	27	1.86342
29	28	2.55263
29	29	1.79422
29	30	2.28656
29	31	1.73957
29	32	1.35721
29	33	0.258896
29	34	3.03516
29	35	1.33804
29	36	2.55027
29	37	-1.43773
30	1	-0.99496
30	2	-2.52759
30	3	-3.06518
30	4	0.44501
30	5	1.19553
30	6	-1.74018
30	7	-6.00235
30	8	-11.5281
30	9	-11.6315
30	10	-11.0235
30	11	-5.39636
30	12	-3.14895
30	13	-3.19984
30	14	-0.774428
30	15	0.673802
30	16	0.432458
30	17	-2.34949
30	18	1.63062
30	19	1.91993
30	20	2.89668
30	21	1.92823
30	22	2.93803
30	23	-0.680728
30	24	2.00927
30	25	3.72288
30	26	1.78372
30	27	4.87096
30	28	3.87325
30	29	4.64768
30	30	3.6227
30	31	5.26026
30	32	2.78452
30	33	4.41691
30	34	4.83277
30	35	4.6748
30	36	4.89905
30	37	4.39899
31	1	-0.551732
31	2	0.329788
31	3	2.03686
31	4	0.816971
31	5	0.613111
31	6	1.768
31	7	1.48042
31	8	2.81442
31	9	3.04988
31	10	3.78114
31	11	2.79337
31	12	2.76899
31	13	3.86893
31	14	3.72683
31	15	4.5423
31	16	4.34918
31	17	4.51547
31	18	2.63255
31	19	3.5508
31	20	5.694
31	21	4.74769
31	22	5.42929
31	23	5.55291
31	24	6.09248
31	25	5.85349
31	26	6.45187
31	27	6.23525
31	28	5.99834
31	29	5.599
31	30	5.14192
31	31	5.73834
31	32	5.8365
31	33	5.1375
31	34	5.88285
31	35	5.32832
31	36	5.27616
31	37	4.55353
32	1	1.25321
32	2	1.25279
32	3	1.77877
32	4	0.174438
32	5	-6.52486
32	6	-7.04184
32	7	-1.0779
32	8	0.779655
32	9	2.27952
32	10	1.07304
32	11	-5.94301
32	12	-6.80633
32	13	-0.479338
32	14	-3.87541
32	15	-5.25214
32	16	-2.29871
32	17	-4.10475
32	18	-5.26589
32	19	-7.18057
32	20	-4.90424
32	21	-2.48106
32	22	-2.11389
32	23	-4.48969
32	24	-0.676179
32	25	-6.95355
32	26	-2.73114
32	27	-5.11658
32	28	-6.59462
32	29	-3.60842
32	30	-3.73424
32	31	-0.349419
32	32	-3.80814
32	33	-5.81421
32	34	-4.13406
32	35	-2.56843
32	36	-3.35582
32	37	-5.67136
33	1	-7.83527
33	2	-3.20703
33	3	-2.41746
33	4	-10.2062
33	5	-7.80893
33	6	-9.34687
33	7	-9.27325
33	8	-8.28111
33	9	-4.82596
33	10	-3.07809
33	11	-2.55014
33	12	-0.195719
33	13	-2.07842
33	14	-2.42001
33	15	-7.25572
33	16	-3.97635
33	17	-4.45341
33	18	-3.71831
33	19	-2.7339
33	20	-4.21845
33	21	-3.72372
33	22	-0.0757502
33	23	-2.77383
33	24	-0.025789
33	25	0.521708
33	26	-1.34013
33	27	0.370355
33	28	-6.87698
33	29	-0.677825
33	30	-1.75432
33	31	1.02205
33	32	-4.37523
33	33	-2.11119
33	34	-0.19554
33	35	-1.24202
33	36	0.905644
33	37	-1.78456
34	1	1.30835
34	2	1.67121
34	3	1.66824
34	4	1.57163
34	5	2.21619
34	6	2.05694
34	7	1.58241
34	8	2.78543
34	9	3.01345
34	10	2.89928
34	11	2.96467
34	12	2.57484
34	13	2.46264
34	14	1.24019
34	15	-2.24229
34	16	-8.09903
34	17	-5.77318
34	18	-7.74345
34	19	-9.92478
34	20	-7.80028
34	21	-9.03818
34	22	-8.9104
34	23	-6.51341
34	24	-4.49197
34	25	-6.52174
34	26	-7.22926
34	27	-4.6479
34	28	-4.45877
34	29	-5.73634
34	30	-6.35994
34	31	-4.22595
34	32	-5.76859
34	33	-5.93852
34	34	-5.42414
34	35	-5.94501
34	36	-3.78194
34	37	-4.68791
35	1	-1.43181
35	2	-1.25685
35	3	-4.59585
35	4	1.25232
35	5	0.220914
35	6	0.703158
35	7	-2.13762
35	8	1.85921
35	9	2.95334
35	10	0.838069
35	11	2.91181
35	12	2.90106
35	13	3.56064
35	14	1.33189
35	15	1.98454
35	16	2.79799
35	17	2.91809
35	18	3.37171
35	19	-2.85923
35	20	2.79087
35	21	2.49516
35	22	-2.54796
35	23	-3.84612
35	24	0.352085
35	25	2.29822
35	26	3.61773
35	27	2.61476
35	28	5.17976
35	29	4.24997
35	30	3.62944
35	31	2.39911
35	32	4.33221
35	33	5.08598
35	34	5.15303
35	35	2.82508
35	36	4.13339
35	37	1.19527
36	1	1.43013
36	2	1.23352
36	3	1.80271
36	4	1.90692
36	5	1.88821
36	6	2.79153
36	7	2.11845
36	8	3.18533
36	9	4.07999
36	10	4.24965
36	11	2.93916
36	12	3.9083
36	13	4.41062
36	14	4.20645
36	15	4.11724
36	16	3.34162
36	17	-8.57777
36	18	-7.96166
36	19	-6.92504
36	20	-4.10207
36	21	-2.79922
36	22	-3.6514
36	23	-6.79962
36	24	-5.41811
36	25	1.14136
36	26	-6.64997
36	27	-5.48398
36	28	-4.95777
36	29	-5.50097
36	30	-3.62539
36	31	-4.39294
36	32	-7.07566
36	33	-4.97751
36	34	-4.13195
36	35	-6.69185
36	36	-3.64623
36	37	-4.14981
37	1	-2.91923
37	2	-1.00143
37	3	-9.00063
37	4	-10.9222
37	5	-10.981
37	6	-11.155
37	7	-8.9955
37	8	-10.3053
37	9	-7.45922
37	10	-9.67255
37	11	-9.13826
37	12	-7.35414
37	13	-8.72693
37	14	-3.0599
37	15	-4.58834
37	16	-4.81119
37	17	-1.09101
37	18	-2.20212
37	19	-0.783918
37	20	0.580965
37	21	-3.24291
37	22	-2.41014
37	23	-3.27479
37	24	-3.91649
37	25	0.385769
37	26	-2.56441
37	27	-0.139399
37	28	2.35544
37	29	-1.17776
37	30	2.33915
37	31	0.186599
37	32	2.44223
37	33	0.385451
37	34	1.62935
37	35	2.78869
37	36	3.7281
37	37	3.93796
38	1	1.77209
38	2	2.13247
38	3	1.05685
38	4	-0.804256
38	5	2.76623
38	6	2.94477
38	7	2.39956
38	8	3.37399
38	9	3.46913
38	10	4.03133
38	11	2.96774
38	12	3.30628
38	13	4.12025
38	14	4.05082
38	15	3.90623
38	16	4.57075
38	17	4.60691
38	18	5.00496
38	19	4.60642
38	20	5.12052
38	21	4.71792
38	22	4.11123
38	23	4.70165
38	24	4.48421
38	25	2.62116
38	26	6.27965
38	27	5.29348
38	28	5.50054
38	29	5.83649
38	30	5.7124
38	31	5.06068
38	32	4.11829
38	33	4.51083
38	34	3.27986
38	35	4.73407
38	36	3.97525
38	37	4.04025
39	1	1.61704
39	2	1.37827
39	3	2.55914
39	4	2.24039
39	5	2.36133
39	6	2.40543
39	7	1.15524
39	8	2.45135
39	9	3.69724
39	10	3.20762
39	11	3.41689
39	12	3.37819
39	13	2.91928
39	14	3.58933
39	15	3.45283
39	16	2.15665
39	17	3.42391
39	18	5.54183
39	19	4.42452
39	20	3.46201
39	21	4.76524
39	22	4.74799
39	23	1.65951
39	24	3.78113
39	25	3.2028
39	26	2.23987
39	27	4.48567
39	28	4.60605
39	29	4.73015
39	30	4.43871
39	31	4.49874
39	32	4.65293
39	33	1.78933
39	34	3.32159
39	35	3.74153
39	36	0.675189
39	37	-0.873838
40	1	1.43712
40	2	1.27534
40	3	-1.13673
40	4	1.88371
40	5	2.48543
40	6	0.827241
40	7	1.18743
40	8	2.95167
40	9	1.15144
40	10	0.3315
40	11	-1.16677
40	12	1.89192
40	13	2.71826
40	14	0.903728
40	15	3.85036
40	16	2.44166
40	17	3.03877
40	18	1.60557
40	19	2.29966
40	20	-0.355875
40	21	3.20253
40	22	4.9349
40	23	3.14301
40	24	0.207029
40	25	3.49602
40	26	3.35098
40	27	0.468956
40	28	4.77849
40	29	3.21195
40	30	1.28445
40	31	1.73365
40	32	3.21926
40	33	2.43624
40	34	3.19623
40	35	2.87308
40	36	2.25739
40	37	1.81627
41	1	1.24816
41	2	0.0888763
41	3	2.14917
41	4	1.63649
41	5	2.82231
41	6	2.98766
41	7	2.12272
41	8	3.44052
41	9	2.2003
41	10	3.54231
41	11	3.99717
41	12	3.10989
41	13	4.22963
41	14	4.38049
41	15	4.67783
41	16	4.79843
41	17	4.21033
41	18	5.13577
41	19	4.52694
41	20	4.64563
41	21	5.21845
41	22	4.97112
41	23	4.56559
41	24	5.55408
41	25	5.1729
41	26	4.83684
41	27	5.34783
41	28	5.34458
41	29	5.35057
41	30	5.67879
41	31	5.32116
41	32	4.36839
41	33	4.40825
41	34	5.51812
41	35	3.21434
41	36	3.72879
41	37	2.13602
42	1	1.79417
42	2	0.973797
42	3	1.89885
42	4	2.35368
42	5	2.17851
42	6	1.56651
42	7	2.56608
42	8	1.78142
42	9	3.63848
42	10	2.79557
42	11	3.40426
42	12	2.86743
42	13	3.59969
42	14	3.67962
42	15	4.27927
42	16	3.48153
42	17	4.30614
42	18	4.81919
42	19	3.48184
42	20	3.84678
42	21	4.17636
42	22	4.57327
42	23	3.11765
42	24	4.49289
42	25	5.1774
42	26	5.31316
42	27	4.90628
42	28	4.68238
42	29	5.27745
42	30	4.61518
42	31	4.93061
42	32	0.341154
42	33	-1.26402
42	34	3.61303
42	35	2.54591
42	36	2.43483
42	37	2.33418
43	1	-1.05115
43	2	-1.55146
43	3	1.2283
43	4	1.03161
43	5	0.939753
43	6	1.52311
43	7	0.997526
43	8	1.75973
43	9	1.92717
43	10	0.811011
43	11	0.93509
43	12	1.95559
43	13	2.3787
43	14	2.00521
43	15	2.93579
43	16	1.99671
43	17	0.86446
43	18	2.97139
43	19	2.17642
43	20	2.74051
43	21	3.20092
43	22	0.386538
43	23	3.30735
43	24	3.7638
43	25	3.38445
43	26	3.18975
43	27	2.80091
43	28	4.26392
43	29	2.7688
43	30	3.17775
43	31	1.87239
43	32	3.46683
43	33	3.91359
43	34	3.8764
43	35	3.23353
43	36	4.13525
43	37	3.29495
44	1	1.28879
44	2	1.84399
44	3	2.4922
44	4	2.26275
44	5	2.08824
44	6	2.81081
44	7	1.6525
44	8	1.1424
44	9	3.44784
44	10	3.26848
44	11	3.02987
44	12	3.12089
44	13	2.15295
44	14	1.78216
44	15	1.04785
44	16	1.64669
44	17	2.83481
44	18	4.4277
44	19	3.9057
44	20	1.92262
44	21	2.37502
44	22	2.36099
44	23	2.6716
44	24	4.58953
44	25	2.88901
44	26	5.37058
44	27	4.2592
44	28	1.19078
44	29	4.12022
44	30	4.32791
44	31	4.3421
44	32	3.8614
44	33	1.63279
44	34	4.07626
44	35	2.77463
44	36	2.94014
44	37	2.60304
45	1	-0.642928
45	2	-0.779257
45	3	0.784301
45	4	1.0992
45	5	-2.75401
45	6	-7.00239
45	7	-3.77135
45	8	-2.98353
45	9	-5.90511
45	10	0.182303
45	11	-2.88331
45	12	-1.50499
45	13	-1.7492
45	14	-0.494227
45	15	-8.84294
45	16	-3.821
45	17	-8.19535
45	18	-3.49223
45	19	-12.1947
45	20	-7.07953
45	21	-4.43386
45	22	-4.4904
45	23	-9.79338
45	24	-2.49397
45	25	-5.74639
45	26	-8.77079
45	27	1.63478
45	28	-3.01756
45	29	-7.3399
45	30	-4.2358
45	31	-4.74279
45	32	-6.92356
45	33	-2.91051
45	34	-4.57321
45	35	-5.56387
45	36	-2.77841
45	37	0.298302
46	1	1.80406
46	2	1.58654
46	3	2.08823
46	4	1.45541
46	5	2.09621
46	6	1.88254
46	7	1.82897
46	8	2.91717
46	9	2.8733
46	10	1.99573
46	11	3.71336
46	12	3.55233
46	13	3.08596
46	14	3.9383
46	15	3.64335
46	16	2.87272
46	17	1.39676
46	18	4.74374
46	19	3.93598
46	20	2.86048
46	21	4.43926
46	22	2.32303
46	23	5.05191
46	24	4.9484
46	25	4.06894
46	26	3.96875
46	27	2.58797
46	28	4.90812
46	29	5.40794
46	30	3.1959
46	31	3.89734
46	32	3.56085
46	33	0.197189
46	34	0.223698
46	35	3.77494
46	36	3.66547
46	37	2.61868
47	1	-0.585773
47	2	0.590296
47	3	-4.24008
47	4	-9.16128
47	5	-11.5021
47	6	-6.90979
47	7	-4.51994
47	8	-5.53413
47	9	-6.16074
47	10	-3.95357
47	11	-0.999083
47	12	-3.98089
47	13	-2.56836
47	14	-7.65935
47	15	-1.53503
47	16	-6.10901
47	17	-5.76443
47	18	-5.22806
47	19	-9.54313
47	20	-10.6127
47	21	-8.3703
47	22	-7.23393
47	23	-4.38161
47	24	-11.4175
47	25	-9.51339
47	26	-5.41657
47	27	-3.66087
47	28	-9.06625
47	29	-5.06501
47	30	-2.73955
47	31	-2.9396
47	32	-6.19053
47	33	-5.19782
47	34	-3.05227
47	35	-2.97965
47	36	-2.20985
47	37	-4.06719
48	1	-13.4015
48	2	-7.66095
48	3	-10.2428
48	4	-3.23769
48	5	-5.34095
48	6	-4.11806
48	7	0.272285
48	8	1.5915
48	9	1.21785
48	10	1.55419
48	11	-1.89599
48	12	1.18131
48	13	1.14562
48	14	0.945341
48	15	-0.527562
48	16	1.15592
48	17	0.979455
48	18	-1.0139
48	19	1.27412
48	20	1.19867
48	21	1.31468
48	22	1.73372
48	23	1.3962
48	24	-0.551441
48	25	-6.17312
48	26	-3.2365
48	27	-4.29941
48	28	1.6154
48	29	-1.92885
48	30	0.967274
48	31	0.929437
48	32	0.696526
48	33	1.45484
48	34	1.32387
48	35	-1.48241
48	36	-0.00674508
48	37	-3.13018
49	1	-0.121084
49	2	0.84855
49	3	0.663579
49	4	1.47705
49	5	1.29889
49	6	1.49136
49	7	-3.59427
49	8	0.484341
49	9	-3.41282
49	10	-4.3065
49	11	-1.37894
49	12	-0.946444
49	13	-1.05648
49	14	-3.69229
49	15	-0.921355
49	16	0.125456
49	17	-0.571433
49	18	-0.411749
49	19	-2.86135
49	20	-3.48649
49	21	-3.90448
49	22	-1.15234
49	23	-4.22829
49	24	-2.59236
49	25	-0.56971
49	26	0.899643
49	27	-2.00783
49	28	-1.92003
49	29	-2.51001
49	30	-1.63848
49	31	-4.73486
49	32	-0.487588
49	33	0.705986
49	34	-0.620923
49	35	-0.500587
49	36	-0.828919
49	37	-1.46595
50	1	0.321928
50	2	0.513428
50	3	-0.0668641
50	4	-0.875045
50	5	-2.16856
50	6	-2.29627
50	7	-4.11323
50	8	0.000263177
50	9	1.14196
50	10	0.216103
50	11	0.545564
50	12	-3.49231
50	13	-6.1852
50	14	-6.4797
50	15	-6.68328
50	16	-7.20829
50	17	-3.56617
50	18	-5.76604
50	19	-4.41038
50	20	-6.20159
50	21	-9.56186
50	22	-4.74928
50	23	-5.80329
50	24	-2.28694
50	25	-5.45814
50	26	-4.61092
50	27	-2.37597
50	28	-2.7757
50	29	-1.1981
50	30	-0.800995
50	31	-0.133824
50	32	-2.40693
50	33	-0.225687
50	34	0.70812
50	35	-0.44994
50	36	1.00937
50	37	1.82982
51	1	1.27849
51	2	1.51207
51	3	2.10441
51	4	2.24129
51	5	2.56604
51	6	2.74521
51	7	2.36708
51	8	3.36936
51	9	3.34389
51	10	3.56449
51	11	2.74594
51	12	3.28704
51	13	3.49542
51	14	3.49599
51	15	3.90319
51	16	4.56751
51	17	4.36075
51	18	4.44734
51	19	3.36675
51	20	2.58993
51	21	3.06774
51	22	2.36913
51	23	2.76065
51	24	-2.9204
51	25	-8.90111
51	26	-5.56924
51	27	-3.35469
51	28	-6.57643
51	29	-5.23219
51	30	-6.20875
51	31	-1.83829
51	32	-2.67946
51	33	-0.79474
51	34	-1.77351
51	35	-4.68687
51	36	-1.77967
51	37	-1.93622
52	1	1.36538
52	2	0.653963
52	3	-2.05496
52	4	1.10844
52	5	-0.0604218
52	6	-0.526395
52	7	-0.408526
52	8	-0.646149
52	9	1.50127
52	10	1.36105
52	11	-2.08992
52	12	1.05251
52	13	-1.5738
52	14	-3.09558
52	15	1.3133
52	16	0.0302528
52	17	-0.817069
52	18	-0.0990169
52	19	-2.36928
52	20	-3.11585
52	21	-9.8451
52	22	-8.86116
52	23	-4.14562
52	24	-3.80153
52	25	-6.89747
52	26	-6.58069
52	27	-11.0755
52	28	-4.59396
52	29	-7.25782
52	30	-7.24531
52	31	-10.2769
52	32	-3.85483
52	33	-4.50933
52	34	-5.57516
52	35	-3.13849
52	36	-1.16911
52	37	-1.62947
53	1	1.44247
53	2	1.41179
53	3	2.04707
53	4	1.42355
53	5	1.38804
53	6	2.64949
53	7	2.33236
53	8	2.75922
53	9	2.1969
53	10	0.666617
53	11	1.15887
53	12	-0.00352337
53	13	0.987533
53	14	0.5896
53	15	0.371545
53	16	-2.54554
53	17	-9.92762
53	18	-5.86998
53	19	-12.4551
53	20	-12.2935
53	21	-9.00757
53	22	-10.6058
53	23	-11.479
53	24	-9.92662
53	25	-9.27101
53	26	-6.53858
53	27	-5.01417
53	28	-6.69935
53	29	-4.97921
53	30	-1.95966
53	31	-1.56969
53	32	-7.74747
53	33	-5.89432
53	34	-7.58281
53	35	-6.57866
53	36	-2.55205
53	37	-4.54056
54	1	-0.147323
54	2	1.91251
54	3	2.23888
54	4	2.54873
54	5	2.30098
54	6	3.17855
54	7	2.32149
54	8	3.32639
54	9	3.46081
54	10	3.39414
54	11	3.26894
54	12	3.35312
54	13	3.45713
54	14	3.43666
54	15	3.81536
54	16	3.34498
54	17	3.89965
54	18	3.53783
54	19	2.98689
54	20	2.62573
54	21	2.96185
54	22	3.07429
54	23	2.99061
54	24	2.22274
54	25	-4.13098
54	26	-7.32665
54	27	-4.97378
54	28	-4.39065
54	29	-3.72912
54	30	1.9883
54	31	1.09665
54	32	-4.82164
54	33	-4.60139
54	34	-3.10006
54	35	-4.81425
54	36	-4.63465
54	37	-4.24367
55	1	1.08765
55	2	1.27673
55	3	2.02044
55	4	1.91015
55	5	2.61078
55	6	2.58116
55	7	1.9667
55	8	2.72051
55	9	3.75077
55	10	4.30943
55	11	2.8563
55	12	3.26848
55	13	4.1001
55	14	3.60144
55	15	3.70373
55	16	3.86073
55	17	3.68568
55	18	3.96582
55	19	4.21599
55	20	3.597
55	21	2.90144
55	22	1.79644
55	23	1.78191
55	24	-1.3349
55	25	1.75248
55	26	0.58291
55	27	-4.06328
55	28	-2.48716
55	29	-2.92763
55	30	-2.72192
55	31	0.656209
55	32	1.94005
55	33	0.293066
55	34	-0.622379
55	35	0.263545
55	36	2.22183
55	37	1.17448
56	1	0.62607
56	2	1.0714
56	3	1.92078
56	4	2.13205
56	5	2.41513
56	6	3.03762
56	7	1.85233
56	8	2.65298
56	9	0.374326
56	10	-0.175031
56	11	2.37383
56	12	0.200957
56	13	1.7769
56	14	-1.58838
56	15	-0.204901
56	16	2.00892
56	17	-0.954877
56	18	-2.34471
56	19	1.05608
56	20	-2.16832
56	21	-8.83023
56	22	-9.73897
56	23	-6.04258
56	24	-6.16476
56	25	-4.92011
56	26	-3.62988
56	27	2.28509
56	28	-3.20068
56	29	0.664685
56	30	0.0831235
56	31	-1.50579
56	32	-0.301742
56	33	0.965539
56	34	2.33502
56	35	0.220606
56	36	2.47064
56	37	1.73678
57	1	1.48918
57	2	0.9933
57	3	1.43187
57	4	1.77693
57	5	2.32392
57	6	1.7411
57	7	2.0444
57	8	2.0931
57	9	2.84211
57	10	1.46241
57	11	1.32843
57	12	1.64158
57	13	2.89154
57	14	1.22505
57	15	-8.17255
57	16	-6.95284
57	17	-3.29995
57	18	-5.66166
57	19	-3.92042
57	20	2.06863
57	21	1.45221
57	22	1.06874
57	23	-2.83968
57	24	-4.65024
57	25	-1.68798
57	26	-0.172167
57	27	-3.89552
57	28	-4.3465
57	29	1.35558
57	30	-3.65099
57	31	-1.44023
57	32	2.0953
57	33	-0.649868
57	34	-5.87777
57	35	0.499749
57	36	0.124395
57	37	0.17296
58	1	0.269617
58	2	0.62575
58	3	0.756555
58	4	0.174553
58	5	0.122723
58	6	1.0754
58	7	0.448131
58	8	1.21842
58	9	1.53351
58	10	1.47721
58	11	1.29819
58	12	1.11373
58	13	0.642559
58	14	0.240218
58	15	-1.35838
58	16	-0.151206
58	17	-2.48914
58	18	-0.763706
58	19	-0.424795
58	20	-4.94562
58	21	-7.71169
58	22	-7.08869
58	23	-6.42607
58	24	-6.21451
58	25	-4.59243
58	26	-8.02212
58	27	1.05026
58	28	-6.48849
58	29	-8.36624
58	30	-6.95217
58	31	-5.41982
58	32	-6.76886
58	33	-5.40108
58	34	-5.64797
58	35	-5.96303
58	36	-4.37712
58	37	-4.68231
59	1	-9.81576
59	2	-8.25389
59	3	-6.65463
59	4	-7.17045
59	5	-7.79244
59	6	-2.18575
59	7	-5.18189
59	8	-11.3391
59	9	-13.9154
59	10	-13.9063
59	11	-5.10544
59	12	-4.31376
59	13	-7.59726
59	14	-3.92134
59	15	-9.43911
59	16	-12.6203
59	17	-8.44982
59	18	-8.63369
59	19	-10.615
59	20	-12.4526
59	21	-9.83669
59	22	-6.29408
59	23	-15.5406
59	24	-11.6365
59	25	-8.81081
59	26	-9.76104
59	27	-6.98612
59	28	-5.22585
59	29	-7.66508
59	30	-4.29358
59	31	-3.79028
59	32	-0.393068
59	33	-4.43021
59	34	-3.4747
59	35	-0.0153647
59	36	-1.33788
59	37	-2.83004
60	1	0.247261
60	2	0.653341
60	3	0.839138
60	4	1.32099
60	5	1.51491
60	6	1.06356
60	7	1.28419
60	8	2.05017
60	9	2.11985
60	10	1.58533
60	11	1.88986
60	12	1.82927
60	13	-6.91471
60	14	-10.6693
60	15	0.703486
60	16	-10.1775
60	17	0.564596
60	18	-10.1251
60	19	0.217888
60	20	-1.47346
60	21	2.05875
60	22	-2.18033
60	23	2.95121
60	24	3.05708
60	25	-7.7881
60	26	3.64022
60	27	3.95701
60	28	4.74492
60	29	2.26389
60	30	2.98829
60	31	0.231759
60	32	4.05543
60	33	0.559837
60	34	-2.99868
60	35	-4.94214
60	36	-4.41882
60	37	-5.26108
61	1	0.749717
61	2	1.69557
61	3	1.91466
61	4	2.1438
61	5	2.02334
61	6	1.73704
61	7	1.62398
61	8	2.60634
61	9	2.79887
61	10	2.25932
61	11	2.07453
61	12	1.31753
61	13	0.490637
61	14	-8.17611
61	15	-5.67187
61	16	-3.20221
61	17	-3.63668
61	18	-3.22565
61	19	-1.54836
61	20	2.47994
61	21	0.749858
61	22	1.22273
61	23	2.02583
61	24	1.86932
61	25	1.97652
61	26	2.63791
61	27	1.09071
61	28	2.72278
61	29	2.54107
61	30	2.35351
61	31	3.97791
61	32	2.67744
61	33	3.977
61	34	4.29642
61	35	3.67749
61	36	2.04039
61	37	2.62092
62	1	-4.68387
62	2	-4.69031
62	3	-3.09162
62	4	-1.67921
62	5	-7.85355
62	6	-4.81946
62	7	-4.47269
62	8	-1.632
62	9	-4.13851
62	10	-2.5533
62	11	0.305949
62	12	0.366489
62	13	0.93723
62	14	1.88501
62	15	-0.230878
62	16	3.03463
62	17	1.34556
62	18	3.27308
62	19	3.59538
62	20	4.10099
62	21	2.05584
62	22	3.85624
62	23	3.68981
62	24	4.02104
62	25	1.80589
62	26	4.53985
62	27	2.52121
62	28	4.39631
62	29	3.96759
62	30	3.17351
62	31	5.24633
62	32	2.33481
62	33	3.24179
62	34	0.559089
62	35	1.93139
62	36	3.4167
62	37	3.05492
63	1	-1.9773
63	2	-6.90923
63	3	-2.80363
63	4	-3.25691
63	5	-4.34554
63	6	-5.72195
63	7	-2.69228
63	8	-7.29078
63	9	-5.97576
63	10	-5.55716
63	11	-7.39783
63	12	-5.22491
63	13	0.393885
63	14	-6.21145
63	15	-1.13809
63	16	-2.7632
63	17	-0.475318
63	18	-0.667516
63	19	-6.0973
63	20	-4.02368
63	21	1.1209
63	22	-3.52449
63	23	-4.22036
63	24	1.95556
63	25	1.55936
63	26	2.79312
63	27	2.83584
63	28	2.38176
63	29	3.45771
63	30	2.10946
63	31	0.585859
63	32	2.41612
63	33	1.57781
63	34	1.80207
63	35	2.71333
63	36	1.29212
63	37	0.651209
64	1	0.675602
64	2	-1.15551
64	3	-1.15112
64	4	2.64201
64	5	2.42695
64	6	2.97822
64	7	2.31423
64	8	3.42589
64	9	3.56574
64	10	3.74123
64	11	3.84683
64	12	0.468232
64	13	3.86619
64	14	4.10404
64	15	2.103
64	16	2.68658
64	17	3.78672
64	18	4.47326
64	19	4.69773
64	20	2.48646
64	21	4.83732
64	22	4.10962
64	23	3.75476
64	24	3.61632
64	25	2.70368
64	26	3.78368
64	27	2.94013
64	28	1.84647
64	29	3.95902
64	30	0.852689
64	31	0.808341
64	32	-0.610337
64	33	3.03942
64	34	2.75591
64	35	-0.592647
64	36	0.519325
64	37	0.71507
65	1	1.23006
65	2	1.48722
65	3	2.13408
65	4	2.28956
65	5	2.72683
65	6	3.00585
65	7	2.05511
65	8	3.34238
65	9	3.65702
65	10	4.19033
65	11	4.17978
65	12	3.31458
65	13	4.19953
65	14	4.44125
65	15	3.55534
65	16	4.00016
65	17	3.99353
65	18	4.49518
65	19	5.41395
65	20	4.57381
65	21	4.51528
65	22	4.88354
65	23	4.3138
65	24	4.14761
65	25	2.42462
65	26	2.36099
65	27	-3.45821
65	28	-0.219759
65	29	-0.713259
65	30	0.661758
65	31	2.95612
65	32	0.659925
65	33	0.62543
65	34	1.71514
65	35	0.436569
65	36	0.284302
65	37	-5.26976
66	1	1.30024
66	2	1.40326
66	3	1.99279
66	4	1.98577
66	5	2.28368
66	6	2.55352
66	7	2.3607
66	8	3.56052
66	9	3.59593
66	10	4.14818
66	11	4.17667
66	12	3.40729
66	13	4.06128
66	14	4.06156
66	15	3.52872
66	16	2.78787
66	17	4.01234
66	18	4.79411
66	19	3.69902
66	20	1.93963
66	21	-1.7562
66	22	-3.00247
66	23	-4.33212
66	24	-6.60992
66	25	-3.6707
66	26	-1.39812
66	27	-0.0936716
66	28	-2.46709
66	29	2.01949
66	30	3.31012
66	31	4.16758
66	32	2.70134
66	33	3.66972
66	34	3.23776
66	35	2.67487
66	36	4.01901
66	37	3.58152
67	1	0.505323
67	2	0.79429
67	3	1.06318
67	4	0.596677
67	5	-9.63549
67	6	-13.3221
67	7	-9.19257
67	8	-10.8819
67	9	-9.21451
67	10	-6.44734
67	11	-3.95187
67	12	-3.11941
67	13	-0.72897
67	14	0.417915
67	15	-0.0626193
67	16	0.554797
67	17	-1.61531
67	18	0.779086
67	19	1.37806
67	20	3.31681
67	21	2.45889
67	22	1.7466
67	23	2.83549
67	24	1.83353
67	25	4.04392
67	26	4.48015
67	27	5.18621
67	28	4.94012
67	29	4.8235
67	30	4.62544
67	31	5.30284
67	32	4.85884
67	33	3.13994
67	34	4.67736
67	35	3.41577
67	36	3.66669
67	37	4.56595
68	1	1.40607
68	2	1.67361
68	3	1.73559
68	4	1.79472
68	5	1.35697
68	6	1.85497
68	7	-9.26092
68	8	-8.42212
68	9	-9.69461
68	10	-8.26307
68	11	-3.80746
68	12	-0.207869
68	13	-0.856265
68	14	1.51643
68	15	0.613893
68	16	1.72335
68	17	1.56123
68	18	0.520052
68	19	-0.50321
68	20	-3.49758
68	21	-5.23238
68	22	-4.47812
68	23	-1.55591
68	24	-3.20575
68	25	-5.66388
68	26	-6.41013
68	27	-4.95356
68	28	-2.85135
68	29	-6.55287
68	30	-0.614815
68	31	-0.37652
68	32	-4.28051
68	33	-1.20424
68	34	-0.388884
68	35	-1.47221
68	36	-1.74756
68	37	-2.11713
69	1	0.606723
69	2	1.40863
69	3	2.14037
69	4	1.95087
69	5	2.62407
69	6	2.89954
69	7	2.27691
69	8	3.35004
69	9	3.72554
69	10	3.98102
69	11	3.6649
69	12	2.95734
69	13	3.3391
69	14	3.9458
69	15	3.99834
69	16	3.80961
69	17	3.15108
69	18	4.4482
69	19	4.21374
69	20	3.7288
69	21	-0.628675
69	22	-3.37605
69	23	-8.67484
69	24	-8.3199
69	25	-7.86831
69	26	-4.43461
69	27	-2.59971
69	28	-1.0996
69	29	1.28787
69	30	-1.3898
69	31	2.75094
69	32	0.814028
69	33	-0.550412
69	34	-1.03969
69	35	-0.136863
69	36	-0.565271
69	37	-0.793179
70	1	1.35153
70	2	1.91033
70	3	2.21864
70	4	1.94816
70	5	2.57924
70	6	2.99364
70	7	2.39232
70	8	3.57401
70	9	3.36218
70	10	3.91139
70	11	3.36735
70	12	3.43222
70	13	2.71861
70	14	3.27987
70	15	3.09119
70	16	3.70383
70	17	3.53413
70	18	-4.61439
70	19	-2.13061
70	20	-2.08464
70	21	-1.73516
70	22	-3.73049
70	23	-2.33715
70	24	-1.82246
70	25	-1.98209
70	26	-0.578191
70	27	-2.98961
70	28	-6.52586
70	29	-2.44172
70	30	-0.338384
70	31	1.13564
70	32	-0.559256
70	33	1.09952
70	34	-0.0455591
70	35	-1.05467
70	36	-3.90222
70	37	-0.0526833
71	1	-1.48138
71	2	1.20336
71	3	-0.109931
71	4	0.545576
71	5	1.64775
71	6	-0.693448
71	7	1.55234
71	8	-14.4382
71	9	-11.727
71	10	-13.7162
71	11	-11.8322
71	12	-13.3599
71	13	-14.6808
71	14	-11.0323
71	15	-10.3757
71	16	-13.8738
71	17	-12.6129
71	18	-11.0611
71	19	-11.2687
71	20	-11.8609
71	21	-11.3394
71	22	-8.99447
71	23	-3.94555
71	24	-6.38103
71	25	-3.30378
71	26	-3.7084
71	27	-3.08994
71	28	-3.62312
71	29	-5.45399
71	30	-2.03423
71	31	-4.15686
71	32	-4.17683
71	33	-4.63554
71	34	-0.0327605
71	35	-1.07738
71	36	-1.27703
71	37	-3.08584
72	1	-7.95363
72	2	-4.25992
72	3	-6.89455
72	4	-5.98892
72	5	-3.66626
72	6	-3.51758
72	7	-0.733741
72	8	0.596349
72	9	3.28062
72	10	3.94963
72	11	3.4355
72	12	3.01572
72	13	1.259
72	14	2.453
72	15	2.33629
72	16	2.71049
72	17	1.60608
72	18	-0.907564
72	19	-2.28238
72	20	2.28942
72	21	1.65792
72	22	3.64607
72	23	4.15948
72	24	3.35869
72	25	4.29336
72	26	2.47592
72	27	4.01594
72	28	4.55765
72	29	3.72482
72	30	4.57014
72	31	2.7559
72	32	3.96571
72	33	5.4193
72	34	2.29795
72	35	3.44405
72	36	5.06191
72	37	3.7323
73	1	0.651023
73	2	1.8169
73	3	2.10833
73	4	2.45953
73	5	2.11666
73	6	2.02111
73	7	2.24991
73	8	3.31704
73	9	3.78917
73	10	3.90113
73	11	3.94862
73	12	3.67481
73	13	3.28656
73	14	4.1175
73	15	2.94041
73	16	1.73241
73	17	1.93049
73	18	2.6445
73	19	-1.86621
73	20	0.690444
73	21	2.11791
73	22	-5.05409
73	23	-0.178904
73	24	1.22052
73	25	0.783203
73	26	-0.968675
73	27	-4.22656
73	28	-0.817534
73	29	-0.713172
73	30	-10.6304
73	31	-5.37402
73	32	-2.82059
73	33	-2.2886
73	34	-2.91533
73	35	-0.481615
73	36	-0.3902
73	37	0.709944
74	1	1.54262
74	2	1.54637
74	3	1.74217
74	4	2.19897
74	5	2.48033
74	6	2.82888
74	7	1.78813
74	8	2.46672
74	9	3.695
74	10	4.02
74	11	3.37406
74	12	1.42822
74	13	1.84799
74	14	-5.14275
74	15	-1.87986
74	16	-1.51697
74	17	-5.09599
74	18	-0.851243
74	19	1.44792
74	20	-0.0453979
74	21	1.27454
74	22	1.25367
74	23	2.03567
74	24	2.51186
74	25	3.57203
74	26	3.48455
74	27	3.5262
74	28	4.81227
74	29	4.7984
74	30	2.59914
74	31	5.41243
74	32	5.25878
74	33	5.50736
74	34	5.76718
74	35	4.94994
74	36	5.50234
74	37	4.99236
75	1	-0.264773
75	2	1.20017
75	3	1.04392
75	4	1.78656
75	5	2.25453
75	6	1.30925
75	7	1.80579
75	8	2.59989
75	9	3.33663
75	10	-2.62919
75	11	-6.69839
75	12	-2.66895
75	13	-8.87691
75	14	-10.1787
75	15	-5.95167
75	16	-2.37946
75	17	2.15605
75	18	-3.08027
75	19	-0.460903
75	20	1.05516
75	21	-8.0197
75	22	-6.43234
75	23	-5.31793
75	24	1.12391
75	25	-1.09613
75	26	0.860938
75	27	-3.44929
75	28	1.71143
75	29	1.23184
75	30	-1.32234
75	31	3.67597
75	32	0.00252098
75	33	-1.1437
75	34	0.840708
75	35	2.2353
75	36	4.71277
75	37	0.802078
76	1	-0.00888387
76	2	-16.6849
76	3	-5.993
76	4	0.157966
76	5	-3.94732
76	6	0.769006
76	7	-3.86889
76	8	-2.34152
76	9	-1.15407
76	10	-3.12854
76	11	-21.0427
76	12	-16.1418
76	13	-6.37603
76	14	-8.78206
76	15	-5.40484
76	16	-8.7304
76	17	-1.05403
76	18	-9.11027
76	19	-5.703
76	20	-4.4207
76	21	-3.14753
76	22	-4.35554
76	23	-1.32393
76	24	-1.90416
76	25	-10.1555
76	26	-6.12284
76	27	-2.26127
76	28	-2.455
76	29	-3.79606
76	30	-0.793359
76	31	-2.51315
76	32	-3.03079
76	33	-3.52274
76	34	-3.00082
76	35	-2.83285
76	36	-1.09908
76	37	-0.336764
77	1	1.28925
77	2	0.90013
77	3	-1.09723
77	4	0.295622
77	5	2.12901
77	6	-2.56691
77	7	-1.46332
77	8	-1.50677
77	9	1.18482
77	10	-0.726104
77	11	2.22823
77	12	1.58963
77	13	3.85534
77	14	3.45659
77	15	3.16057
77	16	1.67309
77	17	2.50545
77	18	1.21202
77	19	1.81706
77	20	2.42511
77	21	0.245491
77	22	-1.32303
77	23	-0.503506
77	24	-0.303743
77	25	0.662335
77	26	1.85514
77	27	1.04479
77	28	1.62512
77	29	1.58573
77	30	-0.131997
77	31	0.682102
77	32	0.999578
77	33	1.81843
77	34	1.61857
77	35	2.40838
77	36	1.7947
77	37	1.76258
78	1	1.34693
78	2	1.57316
78	3	1.02949
78	4	0.941045
78	5	2.41012
78	6	0.517668
78	7	1.27139
78	8	2.86972
78	9	-0.513482
78	10	-1.40689
78	11	2.16507
78	12	0.598853
78	13	3.77986
78	14	2.10293
78	15	-0.491021
78	16	3.09192
78	17	0.00792776
78	18	1.96015
78	19	3.14402
78	20	3.7835
78	21	2.35886
78	22	3.00826
78	23	1.35495
78	24	0.744216
78	25	-6.76648
78	26	-5.47082
78	27	-6.85992
78	28	-4.02613
78	29	-5.87827
78	30	-6.64931
78	31	-6.54455
78	32	-3.59877
78	33	0.429752
78	34	-1.79209
78	35	-2.55143
78	36	-2.92011
78	37	-2.94669
79	1	-13.3622
79	2	-10.4624
79	3	-12.6488
79	4	-9.43647
79	5	-1.17559
79	6	-3.04577
79	7	-1.00438
79	8	-3.22856
79	9	-7.23006
79	10	-3.30665
79	11	-6.63498
79	12	-6.07387
79	13	-8.24718
79	14	-9.35258
79	15	-5.5593
79	16	-8.88921
79	17	-10.2854
79	18	-11.3347
79	19	-11.9338
79	20	-15.0099
79	21	-4.6724
79	22	-12.2591
79	23	-3.77552
79	24	-4.71011
79	25	-3.77724
79	26	-4.26428
79	27	-5.82748
79	28	-1.96577
79	29	-2.98848
79	30	2.54429
79	31	-3.64658
79	32	-2.76055
79	33	-3.93071
79	34	-4.11348
79	35	-2.62936
79	36	-6.74167
79	37	2.11411
80	1	0.329251
80	2	1.51794
80	3	2.45495
80	4	2.12589
80	5	0.465963
80	6	-1.6465
80	7	0.951652
80	8	0.620704
80	9	2.22531
80	10	-2.75585
80	11	-0.309097
80	12	-3.59657
80	13	-2.12331
80	14	-5.7526
80	15	-2.19247
80	16	-4.78805
80	17	-2.83595
80	18	-2.31115
80	19	-3.78847
80	20	0.637909
80	21	-1.44187
80	22	-0.362572
80	23	1.16481
80	24	3.13915
80	25	3.3986
80	26	5.40117
80	27	4.26091
80	28	5.94052
80	29	4.70623
80	30	4.99405
80	31	2.14072
80	32	-2.67739
80	33	-1.58909
80	34	-1.92066
80	35	-0.923273
80	36	-0.251167
80	37	-1.81378
81	1	0.322713
81	2	-1.9808
81	3	-3.62228
81	4	-1.78409
81	5	-3.68093
81	6	-2.4097
81	7	-3.5728
81	8	-9.37563
81	9	-7.63341
81	10	-9.76019
81	11	-9.16203
81	12	-6.18881
81	13	-7.60497
81	14	-3.71881
81	15	-1.67966
81	16	-0.808846
81	17	-1.23193
81	18	-1.21215
81	19	-0.934362
81	20	0.493503
81	21	1.66616
81	22	1.28501
81	23	1.26304
81	24	3.66949
81	25	-0.088846
81	26	3.69481
81	27	4.18294
81	28	4.82399
81	29	3.63799
81	30	2.7152
81	31	3.19608
81	32	4.21231
81	33	4.75015
81	34	5.60014
81	35	4.17745
81	36	1.24618
81	37	4.59551
82	1	1.10941
82	2	-1.46869
82	3	-11.8924
82	4	-8.16567
82	5	-5.43393
82	6	1.45975
82	7	-1.18874
82	8	-3.60987
82	9	-1.4166
82	10	-4.00089
82	11	-1.58196
82	12	-5.21764
82	13	-4.6295
82	14	-2.04249
82	15	-2.71298
82	16	0.356202
82	17	-3.92177
82	18	2.70745
82	19	1.43059
82	20	0.680458
82	21	-0.376096
82	22	2.25932
82	23	2.61586
82	24	1.38042
82	25	1.83344
82	26	2.24016
82	27	2.22004
82	28	2.14575
82	29	-2.34674
82	30	2.68535
82	31	4.84679
82	32	4.2111
82	33	4.40445
82	34	4.74609
82	35	4.32477
82	36	2.7971
82	37	4.44835
83	1	-5.0012
83	2	1.68135
83	3	2.47873
83	4	2.50013
83	5	2.11631
83	6	2.51359
83	7	2.07853
83	8	3.42743
83	9	3.53714
83	10	2.66989
83	11	1.41996
83	12	2.59835
83	13	1.8185
83	14	2.84887
83	15	2.05784
83	16	2.94618
83	17	2.26473
83	18	2.60238
83	19	0.861602
83	20	-21.4029
83	21	-4.78841
83	22	-9.74506
83	23	-14.258
83	24	-1.9059
83	25	-0.420127
83	26	-12.6764
83	27	-9.01042
83	28	-5.46552
83	29	-9.84723
83	30	-9.01469
83	31	-8.08905
83	32	-7.94722
83	33	-8.99131
83	34	-7.83378
83	35	-7.72467
83	36	-7.45092
83	37	-7.65887
84	1	1.458
84	2	1.77409
84	3	2.42497
84	4	-7.32412
84	5	-5.41326
84	6	-12.333
84	7	-10.6283
84	8	-11.9931
84	9	-2.61097
84	10	-11.3268
84	11	-3.93576
84	12	-0.678532
84	13	-9.42321
84	14	-9.31556
84	15	-5.0073
84	16	-9.04584
84	17	-2.04434
84	18	-5.09147
84	19	-3.46432
84	20	-9.36328
84	21	-9.86922
84	22	-1.6824
84	23	3.37705
84	24	-5.98086
84	25	-2.89317
84	26	-6.4683
84	27	-0.895915
84	28	1.77588
84	29	-7.45157
84	30	-3.96804
84	31	-12.8351
84	32	-6.85657
84	33	-8.53367
84	34	-12.5519
84	35	-4.80932
84	36	-3.03843
84	37	-7.63778
85	1	2.07155
85	2	1.83702
85	3	-6.18054
85	4	-8.42117
85	5	0.603981
85	6	2.57194
85	7	0.536465
85	8	3.01161
85	9	2.30422
85	10	1.58232
85	11	2.14099
85	12	2.35515
85	13	2.28511
85	14	2.27264
85	15	2.66692
85	16	3.39233
85	17	2.9731
85	18	3.90922
85	19	2.9927
85	20	4.26838
85	21	4.08001
85	22	3.54026
85	23	4.2117
85	24	0.318632
85	25	-0.648547
85	26	0.242219
85	27	-0.157316
85	28	-9.3481
85	29	-5.1047
85	30	-5.91855
85	31	-3.96227
85	32	-2.90155
85	33	0.180538
85	34	-0.591868
85	35	-0.774917
85	36	0.665132
85	37	0.783364
86	1	2.1924
86	2	2.282
86	3	2.55215
86	4	2.44779
86	5	2.74063
86	6	2.81551
86	7	2.27558
86	8	-12.7256
86	9	-15.0496
86	10	3.40658
86	11	3.19798
86	12	1.47295
86	13	1.98019
86	14	1.86932
86	15	2.72636
86	16	3.40763
86	17	2.48001
86	18	3.7334
86	19	2.24889
86	20	3.4011
86	21	2.90519
86	22	2.89411
86	23	2.67786
86	24	-4.47444
86	25	2.49441
86	26	2.82652
86	27	-0.900855
86	28	-7.8115
86	29	-12.4932
86	30	-13.8528
86	31	-4.81543
86	32	-11.1265
86	33	-9.32353
86	34	-2.56054
86	35	-7.09249
86	36	-0.916641
86	37	0.763249
87	1	2.08391
87	2	1.87125
87	3	2.70497
87	4	2.86481
87	5	3.05142
87	6	3.53289
87	7	2.67064
87	8	3.70077
87	9	3.83666
87	10	4.07472
87	11	3.38463
87	12	3.13829
87	13	0.171595
87	14	1.92818
87	15	-1.27675
87	16	1.49105
87	17	3.01542
87	18	1.58908
87	19	2.29011
87	20	4.12495
87	21	3.54103
87	22	3.57341
87	23	3.2554
87	24	4.44622
87	25	3.55736
87	26	1.06378
87	27	-1.24986
87	28	-2.37544
87	29	-1.54168
87	30	-0.604584
87	31	3.43071
87	32	3.98598
87	33	3.68166
87	34	4.42507
87	35	4.99754
87	36	4.05798
87	37	2.80508
88	1	2.03733
88	2	2.09268
88	3	2.88048
88	4	2.92808
88	5	2.84523
88	6	3.49275
88	7	2.37052
88	8	2.97858
88	9	2.69291
88	10	-3.15176
88	11	-3.03821
88	12	0.439237
88	13	2.32717
88	14	2.345
88	15	4.57158
88	16	1.85357
88	17	3.4681
88	18	-8.07376
88	19	-2.65211
88	20	-0.0255604
88	21	3.44335
88	22	5.54603
88	23	6.70979
88	24	5.75439
88	25	7.14573
88	26	4.83456
88	27	-6.55179
88	28	-2.87783
88	29	-4.1816
88	30	-2.37766
88	31	-2.38692
88	32	-1.09857
88	33	1.04965
88	34	-1.63878
88	35	-1.43411
88	36	2.66465
88	37	0.170832
89	1	1.95666
89	2	2.19158
89	3	2.84428
89	4	2.56556
89	5	2.99563
89	6	3.58895
89	7	2.91767
89	8	3.82971
89	9	4.48968
89	10	5.03089
89	11	4.61681
89	12	4.56065
89	13	4.97217
89	14	5.14193
89	15	5.48492
89	16	5.65613
89	17	5.29628
89	18	5.65533
89	19	3.94873
89	20	5.18549
89	21	4.75398
89	22	4.57372
89	23	4.54227
89	24	-1.90387
89	25	-3.42393
89	26	-3.04718
89	27	-3.62182
89	28	-5.68853
89	29	-3.19908
89	30	0.0390843
89	31	-3.35531
89	32	-3.84764
89	33	-4.02726
89	34	-1.98581
89	35	-3.06567
89	36	-3.41086
89	37	-2.109
90	1	2.34331
90	2	2.20585
90	3	2.81807
90	4	2.9461
90	5	3.02213
90	6	3.58261
90	7	2.7252
90	8	3.95486
90	9	4.26018
90	10	5.0274
90	11	4.57068
90	12	4.38378
90	13	4.91295
90	14	5.08135
90	15	5.48282
90	16	5.98965
90	17	6.03431
90	18	6.96011
90	19	6.43816
90	20	5.70556
90	21	6.81642
90	22	6.62539
90	23	7.00203
90	24	6.6972
90	25	0.96544
90	26	-4.63052
90	27	-0.252518
90	28	-1.10635
90	29	0.968392
90	30	-0.337472
90	31	-1.73057
90	32	-0.0265151
90	33	-2.78738
90	34	-0.987482
90	35	-2.38954
90	36	-1.80923
90	37	-2.7194
91	1	1.96413
91	2	2.13348
91	3	2.72336
91	4	2.49992
91	5	3.09077
91	6	3.40524
91	7	2.79849
91	8	4.10553
91	9	4.20132
91	10	5.01375
91	11	4.08963
91	12	4.36941
91	13	4.86847
91	14	5.09069
91	15	5.6516
91	16	5.74714
91	17	5.68559
91	18	6.33935
91	19	5.89923
91	20	5.74954
91	21	6.38822
91	22	7.18276
91	23	7.75559
91	24	6.21621
91	25	8.66357
91	26	7.61119
91	27	6.96162
91	28	8.85393
91	29	7.4988
91	30	6.81835
91	31	6.31559
91	32	5.26922
91	33	2.98894
91	34	0.0723143
91	35	-1.145
91	36	2.75736
91	37	3.70572
92	1	2.0883
92	2	2.37053
92	3	2.83911
92	4	2.54568
92	5	3.09958
92	6	3.65622
92	7	2.90619
92	8	3.98
92	9	4.48061
92	10	4.81411
92	11	4.44956
92	12	3.38397
92	13	4.99069
92	14	5.24966
92	15	5.01545
92	16	5.91106
92	17	5.55057
92	18	6.72801
92	19	5.34158
92	20	7.76838
92	21	6.87085
92	22	7.36486
92	23	7.5812
92	24	5.22108
92	25	8.07489
92	26	7.58216
92	27	7.03557
92	28	7.90135
92	29	8.39669
92	30	6.76154
92	31	6.16141
92	32	7.10171
92	33	5.05936
92	34	-1.06878
92	35	-0.243012
92	36	3.86579
92	37	2.38922
93	1	1.42134
93	2	2.05698
93	3	2.66373
93	4	2.57538
93	5	3.14778
93	6	3.55519
93	7	2.81533
93	8	3.81902
93	9	4.35241
93	10	5.0448
93	11	4.60995
93	12	4.37501
93	13	4.88477
93	14	5.02604
93	15	6.02927
93	16	5.47709
93	17	5.9986
93	18	6.78764
93	19	6.22913
93	20	7.19463
93	21	6.41094
93	22	6.93514
93	23	5.63202
93	24	7.54777
93	25	7.55682
93	26	8.31319
93	27	8.24824
93	28	8.69926
93	29	9.10143
93	30	8.39354
93	31	9.57575
93	32	9.03324
93	33	9.38117
93	34	9.90616
93	35	8.23912
93	36	6.99891
93	37	6.30422
94	1	0.990154
94	2	2.24045
94	3	2.64009
94	4	2.50832
94	5	3.02323
94	6	3.6039
94	7	2.56425
94	8	3.9109
94	9	4.25509
94	10	4.85772
94	11	4.3935
94	12	4.31055
94	13	4.75895
94	14	5.06402
94	15	4.86112
94	16	6.06408
94	17	5.78679
94	18	6.74806
94	19	6.53942
94	20	7.64393
94	21	6.91356
94	22	6.62567
94	23	6.68392
94	24	7.23385
94	25	8.11078
94	26	8.72874
94	27	8.55226
94	28	7.9384
94	29	8.70655
94	30	9.07427
94	31	7.12256
94	32	7.4315
94	33	8.15268
94	34	8.44238
94	35	9.40738
94	36	9.37298
94	37	8.60605
95	1	1.34035
95	2	2.00244
95	3	3.00976
95	4	2.71325
95	5	2.88957
95	6	3.50369
95	7	2.96958
95	8	3.94374
95	9	4.44129
95	10	4.76992
95	11	4.51293
95	12	4.37517
95	13	4.95832
95	14	5.135
95	15	5.35437
95	16	5.53518
95	17	5.02109
95	18	6.39765
95	19	6.74517
95	20	7.03761
95	21	6.79636
95	22	7.11353
95	23	7.25791
95	24	7.95392
95	25	8.02053
95	26	8.17392
95	27	8.24452
95	28	9.11779
95	29	7.82239
95	30	8.78162
95	31	9.41022
95	32	9.63149
95	33	9.48814
95	34	10.0434
95	35	9.38196
95	36	8.34634
95	37	7.74246
96	1	2.39525
96	2	2.08208
96	3	2.04568
96	4	2.25256
96	5	2.91943
96	6	2.90881
96	7	2.84665
96	8	4.07789
96	9	3.87117
96	10	4.84502
96	11	4.32572
96	12	4.53312
96	13	4.90043
96	14	5.23007
96	15	5.66606
96	16	5.6554
96	17	5.82781
96	18	6.61356
96	19	6.61066
96	20	7.59702
96	21	6.67715
96	22	7.12053
96	23	7.45689
96	24	8.1927
96	25	8.24871
96	26	8.54603
96	27	8.20933
96	28	8.56908
96	29	9.13254
96	30	9.0135
96	31	-1.19901
96	32	1.8916
96	33	-0.0213352
96	34	4.25317
96	35	5.18015
96	36	2.8884
96	37	0.983441
97	1	2.11079
97	2	2.0295
97	3	2.79208
97	4	2.8714
97	5	3.24256
97	6	3.64925
97	7	2.69757
97	8	3.98093
97	9	4.56547
97	10	4.99689
97	11	4.55423
97	12	4.19364
97	13	5.12566
97	14	5.11107
97	15	5.48348
97	16	5.45635
97	17	5.56443
97	18	6.24922
97	19	6.07496
97	20	6.76665
97	21	5.96233
97	22	5.80526
97	23	6.74373
97	24	6.94935
97	25	6.53506
97	26	6.74725
97	27	6.65454
97	28	6.76493
97	29	6.89457
97	30	6.43786
97	31	5.84247
97	32	6.57712
97	33	6.59376
97	34	6.89637
97	35	5.98032
97	36	3.68238
97	37	1.80027
98	1	1.98411
98	2	1.99897
98	3	2.65284
98	4	3.00563
98	5	2.98583
98	6	3.68934
98	7	2.63075
98	8	4.08474
98	9	4.28537
98	10	4.80108
98	11	4.21003
98	12	3.57727
98	13	4.09146
98	14	3.20136
98	15	3.67646
98	16	3.72353
98	17	3.3094
98	18	3.92913
98	19	4.05406
98	20	4.49166
98	21	1.10163
98	22	3.1532
98	23	0.928402
98	24	2.51558
98	25	0.299113
98	26	0.898938
98	27	1.36304
98	28	2.91972
98	29	1.2538
98	30	0.0654812
98	31	-4.32011
98	32	-2.87054
98	33	1.54979
98	34	-4.13635
98	35	-2.30765
98	36	-2.9937
98	37	-3.0674
99	1	2.14142
99	2	2.05449
99	3	2.74787
99	4	2.80289
99	5	3.26563
99	6	3.56088
99	7	2.90152
99	8	3.87243
99	9	4.35015
99	10	4.96256
99	11	4.18835
99	12	3.38491
99	13	3.81466
99	14	3.78629
99	15	3.7753
99	16	3.22468
99	17	4.03352
99	18	4.70043
99	19	3.59593
99	20	5.96245
99	21	3.57256
99	22	4.36956
99	23	4.64796
99	24	4.80205
99	25	5.31071
99	26	5.03793
99	27	4.27811
99	28	5.88255
99	29	6.295
99	30	4.99235
99	31	4.9369
99	32	3.83159
99	33	5.23782
99	34	-2.55695
99	35	3.21057
99	36	-2.52204
99	37	-2.42078
100	1	1.83081
100	2	1.45096
100	3	0.126214
100	4	-10.8974
100	5	-9.02733
100	6	-11.4904
100	7	-5.34316
100	8	-11.1678
100	9	-5.92855
100	10	-0.0946589
100	11	0.11391
100	12	0.342095
100	13	-0.573339
100	14	1.01619
100	15	-2.56013
100	16	-2.78402
100	17	-2.12682
100	18	-2.37354
100	19	0.223945
100	20	2.29774
100	21	-2.63244
100	22	0.531989
100	23	-0.364145
100	24	-0.0546863
100	25	1.82954
100	26	3.04823
100	27	3.92983
100	28	2.89345
100	29	2.69747
100	30	3.49406
100	31	2.86641
100	32	2.32043
100	33	3.94586
100	34	3.39972
100	35	2.26154
100	36	3.0748
100	37	1.94113
>>END_MODULE
>>Per sequence quality scores	pass
#Quality	Count
0	2037
1	111
2	82
3	90
4	145
5	198
6	372
7	738
8	1270
9	2092
10	3123
11	4387
12	5711
13	6891
14	7963
15	9389
16	11124
17	13017
18	15234
19	17182
20	18973
21	21186
22	23228
23	26118
24	29399
25	33530
26	38217
27	43226
28	49013
29	54599
30	60220
31	65207
32	70696
33	75560
34	80480
35	85339
36	91053
37	95002
38	91144
39	64635
40	8502
>>END_MODULE
>>Per base sequence content	fail
#Base	G	A	T	C
1	39.8812	6.93463	8.67839	44.2673
2	28.0722	15.2069	29.788	26.1848
3	26.3665	19.6732	17.4223	36.2695
4	36.4794	21.4305	15.7041	25.0881
5	31.0281	27.3379	20.8482	20.5278
6	25.536	31.2829	20.441	22.5098
7	23.8278	15.7028	34.675	25.5621
8	25.6373	21.3964	24.1119	28.5952
9	26.4976	19.2153	26.1082	26.8921
10	27.4138	30.8149	18.7086	21.8748
11	30.1697	22.6031	18.0753	28.9639
12	27.3522	19.6429	24.3663	28.446
13	27.5769	22.1429	24.187	25.8965
14	26.8243	22.7697	23.6542	26.5463
15	26.4695	22.7603	23.5245	27.0261
16	28.0488	21.9448	22.4399	27.3403
17	27.4193	22.9759	22.8386	26.5333
18	26.6771	22.6367	23.1494	26.7794
19	27.9453	21.6745	22.6107	27.5528
20	27.5588	22.8424	23.0138	26.3744
21	27.0132	22.4438	23.4409	26.8769
22	28.1803	21.7363	22.418	27.4344
23	27.3758	22.6156	23.4267	26.3786
24	26.9244	22.3328	23.4932	27.0487
25	27.8565	21.8806	22.707	27.3629
26	27.4029	22.824	23.2779	26.2894
27	26.8368	22.458	23.6641	26.854
28	28.2202	21.4195	22.6749	27.4473
29	27.5101	22.5525	23.2572	26.4441
30	27.3735	22.0317	23.2064	27.145
31	28.0798	21.2507	22.8405	27.6055
32	28.1195	22.2009	23.029	26.4413
33	27.5766	21.9948	23.3407	26.8591
34	28.9627	20.936	22.3221	27.5565
35	28.6926	21.8694	22.6909	26.5113
36	28.1219	21.4654	22.9285	27.2416
37	30.1349	20.4917	21.4745	27.6473
>>END_MODULE
>>Per sequence GC content	pass
#GC Content	Count
0	2032
1	1102
2	172
3	172
4	150
5	128
6	128
7	141.5
8	155
9	184
10	213
11	213
12	337.5
13	462
14	462
15	655.5
16	849
17	849
18	1324.5
19	1800
20	2547
21	3294
22	3294
23	4465
24	5636
25	5636
26	6838
27	8040
28	9894.5
29	11749
30	11749
31	14122
32	16495
33	16495
34	19542
35	22589
36	26341
37	30093
38	30093
39	34969
40	39845
41	39845
42	46240
43	52635
44	52635
45	60512
46	68389
47	77818
48	87247
49	87247
50	95938.5
51	104630
52	104630
53	111398
54	118166
55	122421
56	126676
57	126676
58	125516
59	124356
60	124356
61	118562
62	112769
63	112769
64	102872
65	92976
66	81541.5
67	70107
68	70107
69	59855
70	49603
71	49603
72	40911.5
73	32220
74	25779
75	19338
76	19338
77	15168.5
78	10999
79	10999
80	8540
81	6081
82	4689
83	3297
84	3297
85	2515
86	1733
87	1733
88	1319.5
89	906
90	906
91	683
92	460
93	333.5
94	207
95	207
96	150
97	93
98	93
99	68
100	43
>>END_MODULE
>>Per base N content	pass
#Base	N-Count
1	0.238487
2	0.748074
3	0.268491
4	1.29794
5	0.257973
6	0.230252
7	0.23229
8	0.259278
9	1.28685
10	1.18787
11	0.188017
12	0.192583
13	0.196741
14	0.205547
15	0.219652
16	0.226257
17	0.232861
18	0.757369
19	0.216717
20	0.210602
21	0.225115
22	0.230986
23	0.203346
24	0.2009
25	0.193072
26	0.205792
27	0.187039
28	0.238079
29	0.236204
30	0.243379
31	0.223485
32	0.209298
33	0.228866
34	0.222751
35	0.235878
36	0.242645
37	0.251695
>>END_MODULE
>>Sequence Length Distribution	pass
#Length	Count
37	1226483.0
>>END_MODULE
>>Sequence Duplication Levels	pass
#Total Deduplicated Percentage	91.8962
#Duplication Level	Percentage of deduplicated	Percentage of total
1	96.7595	88.9184
2	1.86045	3.41936
3	0.540431	1.48991
4	0.257042	0.944847
5	0.155705	0.715437
6	0.111117	0.612677
7	0.0763107	0.490886
8	0.0433543	0.318728
9	0.0341019	0.282045
>10	0.156675	2.28325
>50	0.00440593	0.254756
>100	0.000793067	0.115636
>500	0	0
>1k	8.81185e-05	0.1541
>5k	0	0
>10k+	0	0
>>END_MODULE
>>Overrepresented sequences	warn
#Sequence	Count	Percentage	Possible Source
NNNNNNNNNNNNNNNNNNNNNNNNNNNNNNNNNNNNN	1903	0.155159	
>>END_MODULE
>>Adapter Content	pass
#Position	Illumina Universal Adapter	Illumina Small RNA 3' Adapter	Illumina Small RNA 5' Adapter	Nextera Transposase Sequence	PolyA	PolyG
1	0	0	0	0	0.0102733	0.00040767
2	0	0	0	0	0.0110886	0.000652272
3	0.000244602	0	0	0	0.0117409	0.00105994
4	0.000244602	0	0	0	0.0124747	0.00146761
5	0.000244602	0	0	0	0.0130454	0.00326136
6	0.000244602	0	0.000244602	0	0.0139423	0.00513664
7	0.000326136	0	0.00040767	0	0.0142684	0.00660425
8	0.000570738	0	0.000489204	0	0.015573	0.00774572
9	0.000652272	0	0.000733806	0	0.0168775	0.00905027
10	0.000815339	0	0.000733806	0	0.0181821	0.0104363
11	0.000815339	0	0.000896873	0	0.0184267	0.0127193
12	0.000896873	0	0.000978407	0	0.0189159	0.0154099
13	0.000896873	0	0.000978407	0	0.0195681	0.0176113
14	0.00105994	0	0.000978407	0	0.0201389	0.0198127
15	0.00122301	0	0.000978407	0	0.0208727	0.0223403
16	0.00138608	0	0.000978407	0	0.0213619	0.0258463
17	0.00138608	0	0.000978407	0	0.0220142	0.028863
18	0.00163068	0	0.000978407	0	0.0224218	0.0326136
19	0.00171221	0	0.000978407	0	0.0226664	0.0377502
20	0.00252755	0	0.000978407	0	0.0233187	0.0428869
21	0.00260909	0	0.000978407	0	0.0238894	0.0499803
22	0.00260909	0	0.000978407	0	0.0244602	0.0566661
23	0.00277215	0	0.000978407	0	0.0249494	0.0625365
24	0.00334289	0	0.00105994	0	0.0258463	0.0698746
25	0.00448437	0	0.00105994	0	0.0265801	0.0782726
26	0.00513664	0	0.00105994	0	0.0271508	0.0886274
27	0.00513664	0	0.00105994	0	0.0271508	0.0886274
28	0.00513664	0	0.00105994	0	0.0271508	0.0886274
29	0.00513664	0	0.00105994	0	0.0271508	0.0886274
30	0.00513664	0	0.00105994	0	0.0271508	0.0886274
31	0.00513664	0	0.00105994	0	0.0271508	0.0886274
32	0.00513664	0	0.00105994	0	0.0271508	0.0886274
33	0.00513664	0	0.00105994	0	0.0271508	0.0886274
34	0.00513664	0	0.00105994	0	0.0271508	0.0886274
35	0.00513664	0	0.00105994	0	0.0271508	0.0886274
36	0.00513664	0	0.00105994	0	0.0271508	0.0886274
37	0.00513664	0	0.00105994	0	0.0271508	0.0886274
>>END_MODULE
