##Falco	1.2.4
>>Basic Statistics	pass
#Measure	Value
Filename	GSM461177_subsampled_forward
File type	Conventional base calls
Encoding	Sanger / Illumina 1.9
Total Sequences	1057657
Sequences flagged as poor quality	0
Sequence length	37
%GC	55
>>END_MODULE
>>Per base sequence quality	pass
#Base	Mean	Median	Lower Quartile	Upper Quartile	10th Percentile	90th Percentile
1	39.195	40	40	40	40	40
2	39.8078	40	40	40	40	40
3	39.8008	40	40	40	40	40
4	39.4786	40	40	40	40	40
5	39.6257	40	40	40	40	40
6	39.7187	40	40	40	40	40
7	39.7433	40	40	40	40	40
8	39.7249	40	40	40	40	40
9	39.7318	40	40	40	40	40
10	39.7096	40	40	40	40	40
11	39.6965	40	40	40	40	40
12	39.7729	40	40	40	40	40
13	39.274	40	40	40	40	40
14	39.2711	40	40	40	40	40
15	39.2404	40	40	40	40	40
16	39.0861	40	40	40	40	40
17	39.0275	40	40	40	40	40
18	38.9097	40	40	40	40	40
19	38.7972	40	40	40	40	40
20	38.7009	40	40	40	40	40
21	38.625	40	40	40	40	40
22	38.4469	40	40	40	40	40
23	38.0812	40	40	40	37	40
24	38.0211	40	40	40	36	40
25	37.744	40	40	40	33	40
26	37.5334	40	40	40	31	40
27	37.2189	40	40	40	28	40
28	37.1039	40	40	40	28	40
29	36.696	40	40	40	25	40
30	36.4083	40	40	40	24	40
31	35.9883	40	40	40	22	40
32	35.1035	40	36	40	18	40
33	34.3216	40	33	40	16	40
34	33.9417	40	31	40	15	40
35	33.4122	40	29	40	14	40
36	32.9379	40	28	40	13	40
37	32.069	40	25	40	11	40
>>END_MODULE
>>Per tile sequence quality	pass
#Tile	Base	Mean
1	1	0.19564
1	2	0.00504856
1	3	-0.00235836
1	4	0.356604
1	5	0.0739727
1	6	-0.13879
1	7	0.0445344
1	8	-0.0270557
1	9	0.0463572
1	10	0.167018
1	11	0.0209738
1	12	0.14243
1	13	-0.336039
1	14	-0.0779752
1	15	-0.489456
1	16	-0.148318
1	17	0.264
1	18	0.182198
1	19	0.205552
1	20	-0.590606
1	21	-1.04158
1	22	-0.148984
1	23	-0.245544
1	24	0.320656
1	25	-0.299158
1	26	-0.519043
1	27	0.303642
1	28	0.837759
1	29	0.383146
1	30	1.01113
1	31	0.241291
1	32	0.458387
1	33	0.428438
1	34	0.9845
1	35	1.86453
1	36	0.861046
1	37	0.843063
2	1	-0.183229
2	2	-0.127057
2	3	-0.247465
2	4	0.0963692
2	5	0.0524759
2	6	-0.140595
2	7	-0.00962755
2	8	-0.0407982
2	9	-0.0237463
2	10	-0.0454343
2	11	0.170941
2	12	0.0517355
2	13	-0.438264
2	14	-0.0824237
2	15	-0.135197
2	16	-0.415764
2	17	0.0992323
2	18	0.0630217
2	19	-0.854088
2	20	-0.14847
2	21	-0.45204
2	22	-0.362088
2	23	-0.270691
2	24	0.358285
2	25	-0.668985
2	26	-0.0109486
2	27	-0.536412
2	28	0.830036
2	29	0.189328
2	30	0.460962
2	31	0.325588
2	32	1.2157
2	33	0.685923
2	34	0.711905
2	35	0.579857
2	36	0.912796
2	37	-0.119306
3	1	-0.246323
3	2	0.00506244
3	3	-0.0184671
3	4	0.0979648
3	5	0.204228
3	6	-0.107643
3	7	0.0221449
3	8	-0.130046
3	9	-0.0884358
3	10	0.112908
3	11	-0.147374
3	12	0.037098
3	13	0.165308
3	14	0.0560085
3	15	-0.626387
3	16	0.00216916
3	17	0.172455
3	18	-0.0599405
3	19	-0.0351497
3	20	0.23828
3	21	0.24241
3	22	-0.0761016
3	23	0.251959
3	24	0.0482952
3	25	-1.28324
3	26	-0.81244
3	27	-0.0311053
3	28	0.411895
3	29	0.216036
3	30	-0.500016
3	31	0.482612
3	32	0.346011
3	33	0.518389
3	34	0.937954
3	35	-0.558263
3	36	0.755842
3	37	0.0619631
4	1	-0.121232
4	2	0.00975955
4	3	-0.103311
4	4	0.036046
4	5	-0.0351918
4	6	0.066702
4	7	-0.0507409
4	8	-0.141093
4	9	-0.0251778
4	10	0.117449
4	11	-0.0798889
4	12	-0.174338
4	13	-0.404903
4	14	-0.14068
4	15	0.0839261
4	16	-0.0586428
4	17	-0.565975
4	18	-0.262634
4	19	-0.62991
4	20	0.0829697
4	21	-0.228003
4	22	-0.665587
4	23	0.199116
4	24	-0.379634
4	25	0.318895
4	26	0.290507
4	27	0.723192
4	28	0.104451
4	29	0.445284
4	30	0.48751
4	31	0.50459
4	32	-0.705723
4	33	-0.556417
4	34	0.772217
4	35	0.501036
4	36	0.317808
4	37	-0.101852
5	1	-0.371365
5	2	-0.146138
5	3	-0.0560532
5	4	0.257213
5	5	-0.15159
5	6	0.034318
5	7	0.0263884
5	8	-0.0436994
5	9	-0.0697625
5	10	-0.050098
5	11	-0.0437402
5	12	0.0679147
5	13	0.129109
5	14	-0.349018
5	15	0.0647833
5	16	-0.169501
5	17	0.00990482
5	18	0.423643
5	19	0.0107852
5	20	0.000776855
5	21	-0.27743
5	22	0.132114
5	23	-0.504416
5	24	-0.145647
5	25	0.540348
5	26	0.150153
5	27	-0.237446
5	28	0.273688
5	29	1.00451
5	30	0.519463
5	31	0.20111
5	32	0.197225
5	33	0.0158681
5	34	0.499364
5	35	1.3107
5	36	1.15
5	37	-0.28123
6	1	-0.213656
6	2	-0.13435
6	3	-0.0350641
6	4	-0.128322
6	5	-0.110665
6	6	-0.08914
6	7	0.0859767
6	8	0.0741955
6	9	-0.0359131
6	10	-0.0213649
6	11	-0.134181
6	12	-0.00429475
6	13	0.0224201
6	14	-0.186509
6	15	-0.14127
6	16	0.0141671
6	17	0.0239803
6	18	0.0361255
6	19	0.172743
6	20	-0.16128
6	21	-0.658299
6	22	0.379902
6	23	0.165652
6	24	0.380567
6	25	0.680514
6	26	0.507946
6	27	-1.49837
6	28	-0.0516542
6	29	1.00006
6	30	-0.0743899
6	31	0.722725
6	32	-0.553185
6	33	1.54691
6	34	0.831206
6	35	1.94216
6	36	1.31371
6	37	0.771579
7	1	-0.0404092
7	2	-0.0563623
7	3	0.0791807
7	4	0.129148
7	5	-0.0030977
7	6	0.0835535
7	7	-0.0636078
7	8	0.138637
7	9	-0.0034224
7	10	0.120636
7	11	0.185086
7	12	0.0644502
7	13	0.0241122
7	14	0.289812
7	15	0.0631967
7	16	-0.126124
7	17	0.154578
7	18	-0.0273464
7	19	0.271302
7	20	0.367984
7	21	0.242679
7	22	0.534113
7	23	0.451018
7	24	-1.57388
7	25	-0.165701
7	26	0.652748
7	27	0.660225
7	28	0.449866
7	29	0.579612
7	30	0.0201451
7	31	-0.42142
7	32	-0.412524
7	33	1.36416
7	34	0.0483709
7	35	1.58233
7	36	0.985345
7	37	1.67144
8	1	0.522937
8	2	0.0669177
8	3	0.0705372
8	4	0.341225
8	5	0.178804
8	6	0.0265532
8	7	0.123645
8	8	0.195153
8	9	0.0344911
8	10	0.215392
8	11	0.209676
8	12	0.00869147
8	13	0.181547
8	14	-0.27518
8	15	-0.22409
8	16	-0.0695944
8	17	0.249564
8	18	-0.0495827
8	19	0.12286
8	20	0.444191
8	21	0.192006
8	22	0.412235
8	23	-0.242367
8	24	-0.101125
8	25	-0.133839
8	26	0.0943942
8	27	0.567911
8	28	0.526925
8	29	1.30285
8	30	0.709388
8	31	-0.934945
8	32	0.807532
8	33	1.4471
8	34	1.19575
8	35	1.08124
8	36	0.575628
8	37	2.06207
9	1	0.408444
9	2	0.0494025
9	3	0.0208788
9	4	-0.0782127
9	5	0.115696
9	6	0.0794316
9	7	-0.0555204
9	8	0.120157
9	9	-0.135593
9	10	0.137564
9	11	0.15262
9	12	-0.0120046
9	13	0.308083
9	14	0.0735624
9	15	-0.169216
9	16	0.229132
9	17	-0.566948
9	18	-0.157924
9	19	-0.0843905
9	20	0.557283
9	21	-0.0373608
9	22	0.0478491
9	23	-0.152125
9	24	0.181998
9	25	-0.568277
9	26	0.704569
9	27	0.637966
9	28	0.687176
9	29	1.00787
9	30	0.816802
9	31	-1.29766
9	32	0.81397
9	33	1.67873
9	34	1.09053
9	35	0.394993
9	36	0.778028
9	37	0.66939
10	1	0.45281
10	2	0.057506
10	3	0.0402599
10	4	0.056544
10	5	0.150989
10	6	0.154662
10	7	0.0895454
10	8	0.0495549
10	9	0.0025849
10	10	0.0110323
10	11	0.204331
10	12	0.0735552
10	13	0.127786
10	14	0.128561
10	15	-0.0581198
10	16	0.464142
10	17	0.328216
10	18	0.0072001
10	19	0.253216
10	20	0.256646
10	21	0.491368
10	22	0.146917
10	23	0.0970489
10	24	0.300963
10	25	0.606577
10	26	0.842725
10	27	0.635643
10	28	0.793708
10	29	-0.470749
10	30	0.825148
10	31	-0.658697
10	32	-0.833539
10	33	1.45409
10	34	1.8926
10	35	0.70343
10	36	0.836997
10	37	2.1625
11	1	0.666047
11	2	0.0668517
11	3	0.0854507
11	4	-0.259956
11	5	0.179126
11	6	0.130244
11	7	0.0684308
11	8	0.147077
11	9	0.114623
11	10	0.100893
11	11	0.121406
11	12	0.059738
11	13	0.223378
11	14	0.240304
11	15	0.313703
11	16	-0.157613
11	17	-0.365943
11	18	0.119823
11	19	0.384296
11	20	0.0895228
11	21	0.191233
11	22	0.212898
11	23	-0.0581611
11	24	0.358929
11	25	0.661166
11	26	-0.105315
11	27	0.15027
11	28	0.175703
11	29	0.826837
11	30	-0.177541
11	31	-1.54153
11	32	0.287728
11	33	0.983702
11	34	0.119811
11	35	-0.744209
11	36	-0.19214
11	37	0.730034
12	1	0.585478
12	2	0.0361001
12	3	0.0286639
12	4	0.152521
12	5	0.0954783
12	6	-0.00184507
12	7	0.0800107
12	8	0.0109876
12	9	0.0887848
12	10	0.135645
12	11	0.133731
12	12	0.0507267
12	13	0.450143
12	14	0.150097
12	15	-0.176292
12	16	0.279515
12	17	-0.19928
12	18	0.436671
12	19	0.390287
12	20	0.250792
12	21	0.226528
12	22	0.0338601
12	23	-0.556029
12	24	0.265122
12	25	0.376487
12	26	-0.499714
12	27	-0.769976
12	28	0.0428855
12	29	0.525042
12	30	-0.960871
12	31	0.111024
12	32	0.359234
12	33	0.233284
12	34	1.18524
12	35	-1.28358
12	36	0.0139859
12	37	0.511507
13	1	-0.330089
13	2	0.00347096
13	3	-0.0637355
13	4	0.306278
13	5	-0.105201
13	6	0.0471788
13	7	0.0289414
13	8	0.12242
13	9	0.0307434
13	10	0.20347
13	11	0.162567
13	12	-0.00525088
13	13	-0.17483
13	14	0.255261
13	15	-0.182438
13	16	-0.0748089
13	17	-0.378539
13	18	-0.26678
13	19	0.462569
13	20	0.0880637
13	21	0.011009
13	22	-0.426945
13	23	0.223179
13	24	0.504843
13	25	-0.330754
13	26	0.12347
13	27	-0.00557517
13	28	0.0656889
13	29	0.267786
13	30	0.502554
13	31	-0.722137
13	32	-0.676263
13	33	0.493425
13	34	0.818038
13	35	1.35439
13	36	0.0706686
13	37	0.748192
14	1	-0.0748533
14	2	-0.0774713
14	3	0.0640721
14	4	-0.19453
14	5	0.125209
14	6	0.0627955
14	7	0.0721422
14	8	0.0472647
14	9	0.044368
14	10	0.0949884
14	11	-0.0512707
14	12	-0.0128884
14	13	-0.0173289
14	14	0.0572256
14	15	0.113054
14	16	0.17306
14	17	-0.217693
14	18	0.261041
14	19	0.0871034
14	20	0.417331
14	21	0.399209
14	22	0.487356
14	23	0.523036
14	24	0.0808316
14	25	0.445382
14	26	-0.0138538
14	27	0.796371
14	28	-0.107579
14	29	0.267726
14	30	0.307762
14	31	0.563388
14	32	-1.61138
14	33	1.19237
14	34	-0.148433
14	35	0.217776
14	36	-0.26378
14	37	1.01379
15	1	-0.179719
15	2	0.00286701
15	3	0.0401789
15	4	-0.0819408
15	5	0.210854
15	6	-0.199853
15	7	0.0264246
15	8	0.214188
15	9	0.0769482
15	10	0.151974
15	11	0.120099
15	12	-0.0266464
15	13	-0.259547
15	14	-0.0290789
15	15	0.135543
15	16	-0.248781
15	17	0.0963029
15	18	0.439728
15	19	0.453082
15	20	0.207732
15	21	0.091225
15	22	0.128659
15	23	0.680765
15	24	0.522752
15	25	0.576017
15	26	0.30504
15	27	0.232584
15	28	-0.165276
15	29	-0.194329
15	30	0.525508
15	31	0.696798
15	32	-0.402842
15	33	0.00969955
15	34	1.64251
15	35	1.10138
15	36	-0.418456
15	37	-0.670936
16	1	0.0912487
16	2	0.0611202
16	3	0.056933
16	4	-0.120727
16	5	0.0869795
16	6	0.17199
16	7	0.00912916
16	8	0.214922
16	9	0.179725
16	10	0.0975914
16	11	0.177952
16	12	0.176595
16	13	-0.0838913
16	14	0.299213
16	15	0.234654
16	16	0.30482
16	17	0.188008
16	18	0.134827
16	19	0.340851
16	20	0.415981
16	21	0.390622
16	22	0.0634958
16	23	0.252859
16	24	0.776377
16	25	0.523855
16	26	0.493849
16	27	0.746583
16	28	1.15783
16	29	0.27899
16	30	0.882673
16	31	0.398284
16	32	0.235427
16	33	0.625416
16	34	-0.216984
16	35	-0.91042
16	36	-0.796421
16	37	0.278223
17	1	0.37806
17	2	-0.0647459
17	3	0.0608685
17	4	0.146898
17	5	0.0822536
17	6	0.135644
17	7	0.0600256
17	8	0.167257
17	9	0.0725241
17	10	-0.179367
17	11	0.161349
17	12	0.110823
17	13	0.18655
17	14	0.270528
17	15	0.264579
17	16	0.290594
17	17	0.445663
17	18	0.0666889
17	19	0.516541
17	20	0.420024
17	21	0.426654
17	22	0.0933884
17	23	0.509561
17	24	0.5454
17	25	0.494563
17	26	0.635647
17	27	0.682104
17	28	0.96674
17	29	0.872912
17	30	1.02416
17	31	0.16584
17	32	0.173049
17	33	0.362175
17	34	-0.123636
17	35	1.84675
17	36	0.478405
17	37	-0.056761
18	1	0.174012
18	2	0.0977253
18	3	0.0453849
18	4	0.111785
18	5	-0.0242038
18	6	0.22452
18	7	0.185554
18	8	0.1259
18	9	0.0923674
18	10	-0.0773516
18	11	0.0755234
18	12	0.0945616
18	13	0.370463
18	14	0.424509
18	15	0.296099
18	16	0.537811
18	17	0.59747
18	18	-0.0766072
18	19	0.547519
18	20	0.595997
18	21	0.574321
18	22	0.19806
18	23	0.776753
18	24	0.222615
18	25	0.48953
18	26	0.533543
18	27	0.0951123
18	28	0.698233
18	29	0.942191
18	30	0.922881
18	31	0.444123
18	32	0.640888
18	33	1.19046
18	34	1.12034
18	35	-0.326163
18	36	2.07216
18	37	1.39217
19	1	-0.131848
19	2	-0.0170439
19	3	0.106329
19	4	0.104617
19	5	-0.0197902
19	6	0.126709
19	7	0.109013
19	8	0.0507938
19	9	0.0712089
19	10	0.0339695
19	11	0.156527
19	12	-0.0476213
19	13	0.272506
19	14	0.252315
19	15	0.104941
19	16	0.366843
19	17	0.392934
19	18	0.26262
19	19	0.4302
19	20	0.231861
19	21	0.321592
19	22	0.560239
19	23	-0.044942
19	24	0.240948
19	25	0.837561
19	26	0.163227
19	27	-0.24407
19	28	-0.383374
19	29	0.269381
19	30	0.308827
19	31	0.49151
19	32	-0.196718
19	33	-0.730016
19	34	-1.50892
19	35	0.860585
19	36	-1.63697
19	37	1.94264
20	1	-0.146869
20	2	0.0663528
20	3	0.0479749
20	4	0.00202509
20	5	0.0355709
20	6	0.0106047
20	7	0.0202191
20	8	0.0728272
20	9	0.102625
20	10	0.0493384
20	11	0.238327
20	12	0.0546875
20	13	0.249934
20	14	0.239815
20	15	0.253328
20	16	0.039611
20	17	0.400909
20	18	0.102746
20	19	0.0234926
20	20	-0.0211968
20	21	0.0979231
20	22	0.161083
20	23	0.0387668
20	24	-0.0110693
20	25	-0.681395
20	26	0.265092
20	27	0.0748167
20	28	-0.0130925
20	29	-0.230666
20	30	0.0618038
20	31	-0.247785
20	32	-0.188173
20	33	0.622963
20	34	1.49088
20	35	-0.400599
20	36	-2.46568
20	37	1.63494
21	1	-0.514083
21	2	-0.0821043
21	3	-0.0348926
21	4	-0.712795
21	5	-0.181496
21	6	-0.139091
21	7	-0.00962967
21	8	-0.0295095
21	9	0.018473
21	10	-0.092613
21	11	-0.139475
21	12	-0.158861
21	13	0.12259
21	14	0.0253332
21	15	0.0598526
21	16	-0.169247
21	17	-0.107184
21	18	-0.0540063
21	19	0.0746852
21	20	0.145991
21	21	0.175484
21	22	0.186125
21	23	-0.482794
21	24	-0.596548
21	25	0.103918
21	26	-0.725892
21	27	-0.133419
21	28	-0.307982
21	29	0.0946722
21	30	-0.265464
21	31	-0.777281
21	32	-1.07723
21	33	-0.121948
21	34	-0.136583
21	35	-0.128871
21	36	-1.36816
21	37	1.37307
22	1	0.128491
22	2	0.0261503
22	3	-0.205874
22	4	-0.407974
22	5	-0.314572
22	6	-0.0915721
22	7	-0.162158
22	8	-0.184595
22	9	-0.19026
22	10	-0.120829
22	11	-0.243455
22	12	-0.249849
22	13	0.0336615
22	14	-0.127734
22	15	0.0372735
22	16	-0.218352
22	17	0.198098
22	18	-0.284814
22	19	-0.329951
22	20	-0.396583
22	21	0.118834
22	22	0.031332
22	23	-0.370701
22	24	-0.156386
22	25	-0.36509
22	26	-1.31908
22	27	-1.31696
22	28	-0.532603
22	29	-0.895526
22	30	-0.938614
22	31	-0.242068
22	32	-1.92088
22	33	-0.98301
22	34	-1.76781
22	35	-0.631171
22	36	-0.960296
22	37	-2.30562
23	1	0.238657
23	2	-0.164897
23	3	-0.0323112
23	4	-0.0655433
23	5	-0.0488974
23	6	-0.137918
23	7	-0.00574488
23	8	-0.0359259
23	9	-0.0313458
23	10	-0.0562119
23	11	-0.0573198
23	12	0.00154693
23	13	-0.0905047
23	14	0.263603
23	15	-0.15384
23	16	-0.50986
23	17	-0.182922
23	18	0.137976
23	19	-0.658302
23	20	0.276082
23	21	-0.298719
23	22	-0.146364
23	23	-0.061482
23	24	0.244061
23	25	-0.154343
23	26	0.337526
23	27	-0.0127921
23	28	-0.158568
23	29	-0.652478
23	30	0.706704
23	31	-0.534492
23	32	-1.51622
23	33	-1.30157
23	34	-0.21759
23	35	-2.52953
23	36	-1.03734
23	37	-0.832896
24	1	-0.0993345
24	2	-0.116376
24	3	-0.0611324
24	4	-0.0437925
24	5	-0.457085
24	6	-0.0828503
24	7	-0.0965804
24	8	-0.288166
24	9	-0.158273
24	10	-0.2212
24	11	-0.110385
24	12	0.0535223
24	13	-0.106033
24	14	-0.353658
24	15	0.22707
24	16	0.0312126
24	17	-0.401834
24	18	-0.149232
24	19	0.1119
24	20	0.0906172
24	21	-0.210334
24	22	-1.08787
24	23	-0.231689
24	24	0.281205
24	25	-0.0298395
24	26	0.0355347
24	27	0.353016
24	28	-0.171786
24	29	-1.24949
24	30	0.294485
24	31	-1.15451
24	32	-0.75575
24	33	0.823721
24	34	-0.226684
24	35	0.0555653
24	36	0.350633
24	37	-0.631034
25	1	-0.164401
25	2	-0.113822
25	3	-0.12344
25	4	-0.214602
25	5	-0.00208963
25	6	-0.240035
25	7	-0.115019
25	8	-0.303903
25	9	-0.179834
25	10	-0.553759
25	11	-0.145559
25	12	-0.275268
25	13	0.0110074
25	14	-0.53176
25	15	0.0742855
25	16	0.0795213
25	17	-0.239575
25	18	-0.161419
25	19	-0.024061
25	20	-0.32254
25	21	-0.212966
25	22	-0.935645
25	23	-0.371563
25	24	-0.0275113
25	25	-0.0336441
25	26	0.2092
25	27	0.417282
25	28	0.402487
25	29	-0.671396
25	30	-0.22179
25	31	-1.50509
25	32	0.36671
25	33	-0.552175
25	34	-1.21272
25	35	-2.32997
25	36	0.0659898
25	37	-0.338642
26	1	0.0129328
26	2	-0.247348
26	3	-0.236548
26	4	-0.991991
26	5	-0.256224
26	6	-0.119751
26	7	-0.278308
26	8	-0.299785
26	9	-0.310848
26	10	-0.132183
26	11	-0.390724
26	12	-0.0987709
26	13	-0.402846
26	14	-0.350275
26	15	-0.125926
26	16	-0.566887
26	17	-0.591184
26	18	-0.16552
26	19	-0.15892
26	20	-0.268497
26	21	-0.299284
26	22	-0.281975
26	23	-0.765084
26	24	-0.42257
26	25	-0.269668
26	26	0.124761
26	27	-0.191623
26	28	-0.980373
26	29	-0.766479
26	30	-0.0840443
26	31	-0.507567
26	32	0.341901
26	33	-0.178371
26	34	-1.03742
26	35	-1.55282
26	36	-2.00794
26	37	0.932835
27	1	-0.313595
27	2	0.0817426
27	3	0.0116404
27	4	0.137212
27	5	-0.0615654
27	6	-0.0807611
27	7	0.0311503
27	8	0.0106131
27	9	0.0560534
27	10	0.104507
27	11	0.12057
27	12	-0.0585337
27	13	-0.725888
27	14	0.0942477
27	15	0.148882
27	16	-0.34689
27	17	0.229175
27	18	-0.287427
27	19	-0.345634
27	20	-0.189475
27	21	0.19026
27	22	-0.148346
27	23	0.0165422
27	24	0.220473
27	25	0.0590979
27	26	0.0690787
27	27	0.0826044
27	28	-0.0965051
27	29	-0.161316
27	30	0.407242
27	31	0.324547
27	32	0.792113
27	33	0.337946
27	34	0.872968
27	35	-0.0285584
27	36	-1.59732
27	37	-0.0946901
28	1	-0.325109
28	2	-0.0433418
28	3	0.00797766
28	4	-0.291332
28	5	-0.081297
28	6	0.115904
28	7	0.108623
28	8	0.0875593
28	9	0.100464
28	10	-0.233781
28	11	0.103802
28	12	-0.0490756
28	13	0.326166
28	14	-0.0465319
28	15	0.139275
28	16	-0.377598
28	17	0.0208631
28	18	-0.749848
28	19	-0.0613353
28	20	-0.313331
28	21	-0.0806244
28	22	-0.00065067
28	23	-0.191163
28	24	0.207034
28	25	0.364465
28	26	0.165303
28	27	-0.828284
28	28	0.325649
28	29	-0.455321
28	30	0.36112
28	31	-0.0787107
28	32	-0.593594
28	33	-1.53446
28	34	-2.33435
28	35	-0.401591
28	36	-2.74208
28	37	0.0479932
29	1	0.0176326
29	2	-0.125264
29	3	-0.106682
29	4	-0.366017
29	5	0.0217997
29	6	-0.229914
29	7	-0.119289
29	8	0.110756
29	9	-0.0602127
29	10	-0.0399665
29	11	-0.116491
29	12	-0.0358147
29	13	0.146222
29	14	0.298751
29	15	0.0153066
29	16	-0.362455
29	17	-0.161694
29	18	-0.240356
29	19	-0.22886
29	20	0.010667
29	21	-1.12328
29	22	-0.0433351
29	23	0.382482
29	24	-0.0696837
29	25	-1.03302
29	26	-1.03779
29	27	-0.0538028
29	28	0.282744
29	29	0.655555
29	30	-0.285633
29	31	0.1076
29	32	0.758034
29	33	0.609257
29	34	0.0171412
29	35	-1.16513
29	36	-1.13929
29	37	-0.5534
30	1	-0.185587
30	2	-0.0870342
30	3	-0.00104861
30	4	-0.355957
30	5	-0.0154237
30	6	-0.034743
30	7	0.0426832
30	8	-0.000913752
30	9	-0.109509
30	10	-0.081214
30	11	0.00121477
30	12	-0.0851105
30	13	0.183445
30	14	0.0603204
30	15	-0.257329
30	16	0.162696
30	17	0.151183
30	18	-0.465708
30	19	0.0206366
30	20	0.313484
30	21	-0.429118
30	22	0.249421
30	23	-0.515909
30	24	0.15265
30	25	-0.0390596
30	26	0.109087
30	27	0.220845
30	28	0.0865672
30	29	0.0851328
30	30	0.545353
30	31	-1.01916
30	32	0.166484
30	33	-0.0788716
30	34	-0.271591
30	35	-3.1259
30	36	-1.98134
30	37	-0.536297
31	1	0.37893
31	2	-0.143256
31	3	-0.0453082
31	4	-0.38711
31	5	-0.157933
31	6	0.0585963
31	7	0.00753793
31	8	-0.0124522
31	9	-0.107942
31	10	0.0446185
31	11	0.00976107
31	12	0.0817035
31	13	0.117193
31	14	0.429172
31	15	-0.333642
31	16	0.345652
31	17	0.294116
31	18	-0.637807
31	19	-0.263618
31	20	0.0973942
31	21	0.0295947
31	22	-0.0741242
31	23	0.248359
31	24	0.589352
31	25	-0.674481
31	26	-0.275477
31	27	0.292226
31	28	-0.481379
31	29	0.430919
31	30	0.815767
31	31	0.789243
31	32	0.133937
31	33	-0.399843
31	34	0.109707
31	35	-1.60538
31	36	-1.03178
31	37	1.80024
32	1	0.278668
32	2	0.111251
32	3	-0.0523428
32	4	-0.0604352
32	5	0.0735181
32	6	-0.00425396
32	7	-0.0402019
32	8	0.0951935
32	9	0.113373
32	10	0.0911672
32	11	0.0570874
32	12	0.106461
32	13	-0.0969035
32	14	0.128854
32	15	-0.00789385
32	16	0.0387001
32	17	0.506437
32	18	-0.00892009
32	19	-0.0542412
32	20	0.103448
32	21	-0.0670132
32	22	0.405152
32	23	0.272386
32	24	0.64838
32	25	-0.407392
32	26	0.260731
32	27	-0.520788
32	28	-0.899697
32	29	0.445041
32	30	0.463823
32	31	-0.0699479
32	32	0.711756
32	33	-0.643935
32	34	1.6754
32	35	1.13961
32	36	-0.853284
32	37	1.71171
33	1	-0.106764
33	2	-0.276128
33	3	0.046255
33	4	0.100981
33	5	0.0490779
33	6	0.0404535
33	7	-0.0528883
33	8	0.0507854
33	9	0.152332
33	10	-0.0987228
33	11	0.0404015
33	12	0.0778117
33	13	-0.609196
33	14	0.345383
33	15	0.114204
33	16	0.311102
33	17	0.566289
33	18	-0.00975952
33	19	0.370321
33	20	-0.391957
33	21	0.182912
33	22	0.509602
33	23	-0.0976616
33	24	-0.567643
33	25	0.458437
33	26	0.241898
33	27	0.524676
33	28	0.369166
33	29	0.717443
33	30	0.44768
33	31	0.00887677
33	32	1.02144
33	33	0.169314
33	34	1.84359
33	35	0.651681
33	36	1.37346
33	37	1.23645
34	1	0.645734
34	2	0.136548
34	3	0.0464144
34	4	0.266821
34	5	-0.0775737
34	6	0.175072
34	7	0.0884462
34	8	-0.0218387
34	9	0.0424384
34	10	0.0875236
34	11	0.181236
34	12	0.115805
34	13	-0.076609
34	14	0.195677
34	15	0.0719062
34	16	0.373119
34	17	-0.124844
34	18	-0.312958
34	19	0.517491
34	20	0.0528785
34	21	0.155343
34	22	0.0194296
34	23	-0.574806
34	24	-1.24067
34	25	0.187544
34	26	0.648137
34	27	0.843031
34	28	0.478134
34	29	-0.239111
34	30	-1.18143
34	31	1.2016
34	32	-0.604997
34	33	0.953589
34	34	1.66601
34	35	-1.08153
34	36	-1.5516
34	37	-1.75597
35	1	-0.0819983
35	2	0.0502064
35	3	-0.0540354
35	4	-0.0721678
35	5	-0.1485
35	6	-0.0305123
35	7	-0.0179788
35	8	-0.043667
35	9	0.0258
35	10	0.048478
35	11	0.154372
35	12	0.00195492
35	13	-0.11614
35	14	0.0956449
35	15	-0.0594066
35	16	0.268216
35	17	-0.157803
35	18	-0.049376
35	19	0.26445
35	20	0.137488
35	21	0.24514
35	22	-0.299828
35	23	0.0455663
35	24	-0.0240856
35	25	0.188731
35	26	-1.06246
35	27	-0.0613247
35	28	0.0408158
35	29	0.119211
35	30	-1.09685
35	31	0.748419
35	32	0.930299
35	33	-0.407359
35	34	1.60998
35	35	1.16491
35	36	0.494904
35	37	0.807274
36	1	-0.274503
36	2	0.0704948
36	3	0.0543012
36	4	0.0935173
36	5	-0.249421
36	6	-0.0135409
36	7	-0.0229909
36	8	-0.0604266
36	9	0.0449548
36	10	-0.127914
36	11	-0.0125959
36	12	0.0128758
36	13	-0.16805
36	14	0.324069
36	15	0.039892
36	16	0.303811
36	17	-0.169016
36	18	0.303965
36	19	0.331682
36	20	0.36709
36	21	0.229437
36	22	0.135866
36	23	0.50982
36	24	0.490129
36	25	0.19297
36	26	0.802264
36	27	-0.359679
36	28	0.494927
36	29	0.204234
36	30	-0.143937
36	31	0.713012
36	32	0.229366
36	33	1.00118
36	34	1.46902
36	35	1.74334
36	36	1.71041
36	37	1.51228
37	1	-0.354367
37	2	0.0328499
37	3	-0.137639
37	4	-0.307911
37	5	-0.0716287
37	6	-0.037362
37	7	0.11448
37	8	0.105791
37	9	0.0245768
37	10	0.0640502
37	11	-0.116077
37	12	-0.095789
37	13	0.0798634
37	14	0.229809
37	15	-0.323667
37	16	0.442147
37	17	0.107465
37	18	0.0914668
37	19	-0.26916
37	20	-0.226339
37	21	0.389116
37	22	0.39874
37	23	0.452099
37	24	-0.301533
37	25	0.0530536
37	26	0.486722
37	27	-0.0225338
37	28	0.261702
37	29	0.449708
37	30	0.100762
37	31	0.496371
37	32	-0.258307
37	33	0.206638
37	34	0.510416
37	35	1.62291
37	36	0.695925
37	37	0.321189
38	1	-0.340516
38	2	-0.0739558
38	3	0.0633377
38	4	-0.248311
38	5	-0.0385625
38	6	-0.22589
38	7	0.0416772
38	8	-0.160874
38	9	0.0524633
38	10	-0.0781959
38	11	-0.154721
38	12	-0.0327966
38	13	-0.121384
38	14	0.129737
38	15	0.240659
38	16	-0.368491
38	17	-0.301533
38	18	-0.616614
38	19	-0.0226229
38	20	-0.173438
38	21	-0.104168
38	22	-0.0252264
38	23	-0.336834
38	24	-0.324211
38	25	-0.843889
38	26	0.0326282
38	27	-0.168491
38	28	-0.771582
38	29	-0.370602
38	30	-0.464708
38	31	0.479834
38	32	0.587007
38	33	-1.10201
38	34	-1.33698
38	35	-3.60477
38	36	-1.18959
38	37	-1.41557
39	1	-0.0696596
39	2	-0.201953
39	3	-0.0294423
39	4	-0.187914
39	5	0.0307303
39	6	-0.131924
39	7	0.06321
39	8	0.116823
39	9	0.0443202
39	10	-0.0944121
39	11	0.115563
39	12	-0.04999
39	13	0.101965
39	14	0.0622706
39	15	0.17572
39	16	0.0606655
39	17	0.037775
39	18	0.190743
39	19	0.279796
39	20	0.257725
39	21	0.22027
39	22	0.342383
39	23	0.445895
39	24	-0.283295
39	25	-0.033578
39	26	-1.04685
39	27	0.054643
39	28	-0.668012
39	29	0.576637
39	30	-0.391178
39	31	-0.0543859
39	32	-0.283707
39	33	0.248327
39	34	0.579456
39	35	-1.82668
39	36	-1.17847
39	37	0.506397
40	1	-0.300192
40	2	-0.0697811
40	3	-0.1985
40	4	-0.208405
40	5	-0.0625074
40	6	0.0729936
40	7	-0.0915031
40	8	0.0625201
40	9	0.00948413
40	10	0.0787437
40	11	-0.080134
40	12	-0.0284736
40	13	0.141924
40	14	-0.00125401
40	15	0.0333018
40	16	0.170297
40	17	-0.217348
40	18	0.0739393
40	19	-0.326761
40	20	-0.0783404
40	21	-0.0205083
40	22	-0.443478
40	23	-1.02337
40	24	-0.267926
40	25	-0.789726
40	26	-0.762013
40	27	-0.236341
40	28	-0.597315
40	29	-0.933609
40	30	0.0862808
40	31	-1.50418
40	32	1.11076
40	33	0.906114
40	34	-0.873413
40	35	-1.33898
40	36	0.0274685
40	37	-0.789709
41	1	-0.219845
41	2	0.0152103
41	3	0.0186969
41	4	-0.233756
41	5	-0.0313235
41	6	-0.122092
41	7	-0.19264
41	8	-0.16983
41	9	0.0631099
41	10	0.0117652
41	11	-0.43689
41	12	-0.120026
41	13	0.0835881
41	14	-0.39668
41	15	-0.238215
41	16	0.0250858
41	17	-0.812156
41	18	0.119831
41	19	0.110012
41	20	0.33371
41	21	0.112639
41	22	-0.575766
41	23	-0.219345
41	24	0.0793436
41	25	-0.116305
41	26	-0.644631
41	27	-0.973847
41	28	0.11418
41	29	-0.180469
41	30	0.271153
41	31	-0.302469
41	32	1.14494
41	33	1.35609
41	34	-1.01514
41	35	-1.40961
41	36	0.583127
41	37	-2.6713
42	1	0.0411476
42	2	0.0392996
42	3	0.053498
42	4	0.0917936
42	5	0.130315
42	6	-0.0595518
42	7	0.0620389
42	8	-0.0631451
42	9	0.0186391
42	10	0.00542757
42	11	0.0671971
42	12	-0.0068166
42	13	0.037258
42	14	0.045396
42	15	-0.0150261
42	16	0.0350973
42	17	0.116837
42	18	0.206243
42	19	-0.102097
42	20	0.400131
42	21	0.138359
42	22	-0.133184
42	23	0.431513
42	24	0.127787
42	25	-1.25464
42	26	-0.0830806
42	27	-0.974069
42	28	0.164786
42	29	-0.0619439
42	30	0.17639
42	31	0.237715
42	32	0.911618
42	33	-0.779258
42	34	1.17599
42	35	1.54418
42	36	0.873638
42	37	0.300392
43	1	0.512472
43	2	0.100449
43	3	0.00099034
43	4	0.332946
43	5	-0.0375027
43	6	0.147077
43	7	-0.0251628
43	8	-0.182912
43	9	0.0561304
43	10	-0.0557905
43	11	0.000441039
43	12	-0.00861528
43	13	-1.14902
43	14	0.0968564
43	15	0.166366
43	16	0.128101
43	17	0.268605
43	18	0.350047
43	19	0.246
43	20	0.196367
43	21	0.282325
43	22	0.0650788
43	23	0.322678
43	24	0.533804
43	25	-1.06201
43	26	0.114411
43	27	-0.273773
43	28	-0.202167
43	29	0.130815
43	30	0.239211
43	31	-0.90643
43	32	0.907094
43	33	-2.10085
43	34	0.122621
43	35	0.092517
43	36	-1.18249
43	37	-0.229055
44	1	0.095661
44	2	-0.13879
44	3	-0.217183
44	4	0.23247
44	5	-0.311844
44	6	-0.0858782
44	7	-0.173832
44	8	0.0464883
44	9	-0.120699
44	10	-0.0750051
44	11	0.0907918
44	12	-0.227184
44	13	-0.282558
44	14	-0.411331
44	15	-0.00870635
44	16	-0.643047
44	17	-0.110067
44	18	0.115405
44	19	-0.963634
44	20	0.0807122
44	21	0.0558538
44	22	0.174772
44	23	-0.683324
44	24	-0.169445
44	25	-0.822573
44	26	-0.704033
44	27	-0.721876
44	28	-0.305367
44	29	-0.232849
44	30	-0.155583
44	31	-0.2584
44	32	-0.170459
44	33	-1.84877
44	34	-2.24088
44	35	-2.20885
44	36	-1.25815
44	37	-1.35221
45	1	0.346744
45	2	-0.0276319
45	3	0.0277212
45	4	0.0258928
45	5	-0.18444
45	6	-0.00291396
45	7	-0.144772
45	8	-0.162884
45	9	-0.417154
45	10	-0.336009
45	11	-0.386923
45	12	-0.21486
45	13	-0.403033
45	14	0.0224822
45	15	-0.259152
45	16	-0.38188
45	17	-0.0528619
45	18	-0.0976607
45	19	0.0819828
45	20	-0.432568
45	21	-0.0361979
45	22	-0.281351
45	23	-0.712678
45	24	-0.355085
45	25	-1.8827
45	26	-0.893808
45	27	-0.925609
45	28	-0.594156
45	29	0.204919
45	30	-0.567282
45	31	-2.38986
45	32	-1.19723
45	33	0.0395999
45	34	0.313343
45	35	-0.799393
45	36	-0.530498
45	37	-0.775415
46	1	-0.627319
46	2	-0.118209
46	3	-0.312706
46	4	-0.0549951
46	5	-0.153316
46	6	-0.150846
46	7	-0.0675212
46	8	-0.37506
46	9	-0.375589
46	10	-0.449447
46	11	-0.417934
46	12	-0.178782
46	13	-0.00632706
46	14	-0.469753
46	15	-0.276109
46	16	-0.636461
46	17	-0.361343
46	18	-0.0353791
46	19	-0.449343
46	20	-0.409236
46	21	-0.742491
46	22	-0.32519
46	23	-0.73464
46	24	-0.0408729
46	25	-0.337808
46	26	-0.247901
46	27	-0.168593
46	28	-0.175926
46	29	-0.764858
46	30	-0.209524
46	31	-0.311718
46	32	-1.87065
46	33	-0.049794
46	34	-0.302272
46	35	-0.0350483
46	36	0.250262
46	37	-0.819837
47	1	-0.494904
47	2	-0.259088
47	3	-0.185932
47	4	-0.149445
47	5	-0.0265688
47	6	-0.145311
47	7	0.0547599
47	8	-0.211875
47	9	-0.269447
47	10	-0.0995545
47	11	-0.330065
47	12	-0.0927845
47	13	-0.176386
47	14	-0.758134
47	15	-0.34498
47	16	-0.569035
47	17	-0.107975
47	18	0.172265
47	19	0.0955193
47	20	0.240065
47	21	-0.375058
47	22	-0.880655
47	23	0.145389
47	24	0.00752589
47	25	-0.344627
47	26	0.0366608
47	27	-0.837543
47	28	-0.226946
47	29	-3.15952
47	30	-1.6271
47	31	-0.946236
47	32	-1.64433
47	33	-0.976769
47	34	-0.55208
47	35	-0.679359
47	36	-2.80911
47	37	-2.25322
48	1	-0.670442
48	2	-0.610454
48	3	-0.261909
48	4	-0.015631
48	5	-0.28067
48	6	-0.336546
48	7	-0.345409
48	8	-0.409695
48	9	-0.529731
48	10	-0.185436
48	11	-0.0959659
48	12	-0.194388
48	13	-0.0975199
48	14	-0.947259
48	15	-0.167017
48	16	-0.130242
48	17	-0.0480242
48	18	-0.371159
48	19	-0.0218568
48	20	-0.418817
48	21	-0.253115
48	22	-0.678965
48	23	-0.879551
48	24	-0.133899
48	25	0.316895
48	26	-1.20273
48	27	-0.533218
48	28	-0.380376
48	29	0.27502
48	30	-0.599418
48	31	-0.398249
48	32	-1.0127
48	33	-0.660126
48	34	-3.27485
48	35	-0.09921
48	36	-1.43063
48	37	-0.544934
49	1	-0.459419
49	2	0.00518508
49	3	0.0290177
49	4	-0.226282
49	5	-0.0079245
49	6	-0.21794
49	7	-0.232922
49	8	-0.262006
49	9	-0.221092
49	10	-0.196884
49	11	-0.0177237
49	12	-0.279423
49	13	-0.0317789
49	14	-0.267647
49	15	-0.552879
49	16	-0.302736
49	17	-0.120498
49	18	-0.0287117
49	19	-0.00893594
49	20	-0.190196
49	21	-0.775823
49	22	-0.307109
49	23	-0.368101
49	24	-0.208166
49	25	-0.0255837
49	26	-0.102857
49	27	-0.626211
49	28	0.142936
49	29	-0.184583
49	30	-1.46487
49	31	0.277934
49	32	-0.571049
49	33	-0.817265
49	34	0.417222
49	35	-0.946308
49	36	0.622255
49	37	-3.03279
50	1	-0.255876
50	2	-0.0886956
50	3	-0.184853
50	4	-0.343145
50	5	-0.321014
50	6	-0.307304
50	7	-0.180978
50	8	-0.321952
50	9	-0.144196
50	10	-0.294356
50	11	-0.246704
50	12	-0.298323
50	13	0.027973
50	14	-0.214743
50	15	-0.369957
50	16	-0.468669
50	17	-0.366947
50	18	-0.164021
50	19	-0.83424
50	20	-0.436552
50	21	-0.716112
50	22	-0.927739
50	23	-0.24115
50	24	-0.425985
50	25	-0.630778
50	26	-0.489795
50	27	-1.2854
50	28	-0.666664
50	29	-0.473117
50	30	-1.20578
50	31	-0.930606
50	32	-0.97215
50	33	0.110178
50	34	-0.496657
50	35	0.355836
50	36	0.437054
50	37	-0.988459
51	1	0.210432
51	2	0.0431874
51	3	0.0743312
51	4	0.407705
51	5	0.118905
51	6	0.0912677
51	7	0.048151
51	8	0.00415201
51	9	-0.208327
51	10	-0.143659
51	11	0.0711285
51	12	-0.0704745
51	13	-0.12646
51	14	-0.327771
51	15	0.150822
51	16	0.344279
51	17	-0.715504
51	18	-0.29292
51	19	0.07483
51	20	0.209673
51	21	0.0749108
51	22	0.0788712
51	23	-0.825894
51	24	-0.263935
51	25	0.302233
51	26	-0.545965
51	27	-0.13748
51	28	-0.560538
51	29	-1.35106
51	30	-3.09177
51	31	0.368014
51	32	1.30377
51	33	-0.452946
51	34	0.802622
51	35	0.0992884
51	36	1.49348
51	37	1.76556
52	1	0.616339
52	2	0.0328761
52	3	0.0435379
52	4	0.300215
52	5	0.0759673
52	6	0.0623477
52	7	-0.149721
52	8	0.0350068
52	9	0.0310225
52	10	0.0869783
52	11	0.172037
52	12	-0.0217173
52	13	-0.578867
52	14	-0.173924
52	15	0.320685
52	16	-0.0449439
52	17	-0.376
52	18	0.47474
52	19	-0.511837
52	20	0.146295
52	21	0.437001
52	22	0.283365
52	23	0.506747
52	24	-0.20129
52	25	0.162184
52	26	0.412739
52	27	0.427974
52	28	-1.57049
52	29	-0.338517
52	30	-0.467966
52	31	0.419851
52	32	-0.487605
52	33	0.0631706
52	34	-0.102635
52	35	-0.276598
52	36	0.495646
52	37	0.936797
53	1	0.488435
53	2	0.103568
53	3	0.0286639
53	4	0.363242
53	5	-0.0246695
53	6	0.124772
53	7	0.114207
53	8	-0.0916002
53	9	0.0915574
53	10	0.139342
53	11	-0.0169162
53	12	0.105255
53	13	0.139607
53	14	-0.422915
53	15	0.358828
53	16	-0.161335
53	17	-0.000574228
53	18	0.0485007
53	19	0.218383
53	20	0.0890542
53	21	0.433552
53	22	0.23349
53	23	0.473546
53	24	0.374179
53	25	0.288687
53	26	0.469787
53	27	0.501743
53	28	-0.366542
53	29	-0.92505
53	30	-0.370298
53	31	-0.656074
53	32	0.345371
53	33	-1.39703
53	34	-0.348954
53	35	-0.216111
53	36	0.705298
53	37	0.832209
54	1	0.516962
54	2	0.0652248
54	3	0.111689
54	4	0.348046
54	5	0.0521053
54	6	-0.00632048
54	7	-0.120788
54	8	0.148212
54	9	0.0838896
54	10	0.114081
54	11	0.14429
54	12	0.00750753
54	13	0.0812757
54	14	-0.381628
54	15	0.573005
54	16	0.480892
54	17	0.379367
54	18	-0.0767111
54	19	0.313542
54	20	-0.972494
54	21	0.198439
54	22	-0.204928
54	23	0.421911
54	24	0.00123517
54	25	0.024601
54	26	0.831602
54	27	0.482818
54	28	-0.610055
54	29	-0.280177
54	30	0.454871
54	31	0.038476
54	32	-0.359991
54	33	-0.00776468
54	34	0.452847
54	35	1.28543
54	36	0.744261
54	37	0.392196
55	1	-0.0966268
55	2	0.148915
55	3	-0.0314386
55	4	-0.184762
55	5	-0.144972
55	6	0.0581124
55	7	0.0771484
55	8	0.13763
55	9	0.0768563
55	10	-0.0905794
55	11	0.171367
55	12	0.0396872
55	13	-0.0516589
55	14	-0.130748
55	15	0.0537165
55	16	0.184675
55	17	0.207332
55	18	0.146617
55	19	0.235988
55	20	-0.108555
55	21	-0.778191
55	22	0.283792
55	23	-0.0344194
55	24	0.430762
55	25	0.205014
55	26	0.624502
55	27	0.426509
55	28	0.39175
55	29	0.119574
55	30	0.459522
55	31	0.619374
55	32	0.226327
55	33	-0.307628
55	34	0.642795
55	35	0.398596
55	36	-0.388949
55	37	-1.43164
56	1	0.500334
56	2	0.0160677
56	3	-0.103542
56	4	-0.367717
56	5	0.0855657
56	6	0.153393
56	7	0.11359
56	8	-0.103456
56	9	0.0116532
56	10	0.00134977
56	11	0.110194
56	12	0.0392776
56	13	0.31208
56	14	0.10499
56	15	0.21003
56	16	0.271858
56	17	-0.525271
56	18	0.0122167
56	19	-0.348497
56	20	-0.22726
56	21	0.297508
56	22	0.408065
56	23	0.483478
56	24	0.427753
56	25	0.570053
56	26	0.693475
56	27	0.715342
56	28	0.672568
56	29	-0.0103701
56	30	0.64378
56	31	0.985765
56	32	0.634091
56	33	1.18283
56	34	0.562755
56	35	-0.139148
56	36	1.53584
56	37	-0.605474
57	1	0.309454
57	2	-0.0474454
57	3	0.0922144
57	4	0.241111
57	5	0.10258
57	6	-0.0725471
57	7	0.0114606
57	8	0.0734859
57	9	-0.0468439
57	10	0.121909
57	11	-0.0334966
57	12	0.127766
57	13	0.200705
57	14	0.0033146
57	15	0.234866
57	16	0.219076
57	17	0.133009
57	18	0.355623
57	19	0.539289
57	20	-0.426564
57	21	-0.10817
57	22	0.217377
57	23	-0.381561
57	24	0.293482
57	25	-0.00408189
57	26	0.465508
57	27	0.546414
57	28	-0.302019
57	29	0.325329
57	30	0.290648
57	31	0.79367
57	32	0.9111
57	33	0.786476
57	34	-0.737141
57	35	0.0216099
57	36	0.377064
57	37	-0.0338032
58	1	0.122866
58	2	0.0328691
58	3	0.0798507
58	4	0.236611
58	5	0.0625083
58	6	0.172082
58	7	0.143979
58	8	0.0518455
58	9	0.0905348
58	10	0.164019
58	11	0.157641
58	12	0.00286005
58	13	0.500718
58	14	-0.425447
58	15	0.275762
58	16	0.21569
58	17	0.251118
58	18	0.468313
58	19	0.408871
58	20	-0.181288
58	21	0.498478
58	22	0.387985
58	23	0.0796813
58	24	-0.465998
58	25	0.565175
58	26	0.573079
58	27	0.139016
58	28	-0.20429
58	29	-0.0641734
58	30	-0.130619
58	31	0.316665
58	32	0.993477
58	33	0.365883
58	34	0.732341
58	35	1.31039
58	36	-0.106191
58	37	-0.135739
59	1	-0.435363
59	2	0.0186199
59	3	0.103167
59	4	-0.277369
59	5	0.0317398
59	6	0.00803757
59	7	-0.0320316
59	8	0.0713045
59	9	-0.026934
59	10	0.037293
59	11	-0.0620379
59	12	0.00945134
59	13	0.227326
59	14	-0.0387872
59	15	-0.322773
59	16	0.0109729
59	17	0.133439
59	18	0.37327
59	19	-0.694454
59	20	0.0432393
59	21	-0.0420398
59	22	0.35284
59	23	-0.59218
59	24	0.080826
59	25	0.0799707
59	26	-0.20218
59	27	-0.699802
59	28	-1.21163
59	29	0.140659
59	30	0.0483709
59	31	-0.0164157
59	32	-1.48362
59	33	-0.603409
59	34	-0.0858499
59	35	0.326043
59	36	0.229207
59	37	-1.8226
60	1	0.456585
60	2	0.0692896
60	3	0.0421932
60	4	-0.319609
60	5	0.155916
60	6	0.0417485
60	7	-0.00219311
60	8	0.0165842
60	9	-0.0154455
60	10	0.140727
60	11	-0.00207014
60	12	0.0609908
60	13	-0.0820933
60	14	-0.301128
60	15	-0.200329
60	16	0.400923
60	17	0.100999
60	18	0.52699
60	19	-0.572339
60	20	0.0936256
60	21	0.267985
60	22	0.23557
60	23	0.159003
60	24	-0.750184
60	25	-0.573634
60	26	-0.462267
60	27	-0.556244
60	28	-0.788024
60	29	0.105942
60	30	0.283173
60	31	-0.758386
60	32	-0.522479
60	33	0.506111
60	34	-1.19923
60	35	0.570637
60	36	1.13859
60	37	1.27273
61	1	0.325442
61	2	-0.0390007
61	3	-0.0601173
61	4	-0.141096
61	5	-0.0665503
61	6	-0.0389859
61	7	-0.0431173
61	8	0.0102651
61	9	-0.104441
61	10	0.0419848
61	11	-0.147966
61	12	-0.0023406
61	13	-0.146297
61	14	-0.252563
61	15	-0.24975
61	16	-0.0490592
61	17	-0.334608
61	18	-0.316521
61	19	0.197755
61	20	-0.110901
61	21	0.0428444
61	22	-0.298993
61	23	-1.08398
61	24	-0.180623
61	25	-0.808584
61	26	-0.564595
61	27	0.133414
61	28	0.232892
61	29	-0.30554
61	30	-0.380644
61	31	-0.735389
61	32	-1.92356
61	33	-0.383319
61	34	-1.73056
61	35	0.675171
61	36	1.70184
61	37	0.437571
62	1	-0.517642
62	2	0.0119605
62	3	0.000315167
62	4	0.0847199
62	5	0.111869
62	6	0.135875
62	7	0.0834022
62	8	-0.015149
62	9	0.0362196
62	10	-0.00397441
62	11	-0.0455568
62	12	-0.0677446
62	13	-0.0491125
62	14	-0.00410954
62	15	0.224782
62	16	0.264696
62	17	0.299208
62	18	0.245715
62	19	0.236686
62	20	-0.077915
62	21	0.0455352
62	22	-0.544465
62	23	0.340684
62	24	-0.0323151
62	25	-0.467956
62	26	-0.425008
62	27	-0.371498
62	28	-0.00581928
62	29	0.095224
62	30	-0.868597
62	31	0.111172
62	32	-1.56416
62	33	-0.457504
62	34	1.01908
62	35	1.2271
62	36	1.12472
62	37	-0.152943
63	1	0.15715
63	2	0.0635604
63	3	-0.0461201
63	4	-0.00602106
63	5	-0.0828579
63	6	-0.111189
63	7	-0.0179722
63	8	-0.218218
63	9	0.0073813
63	10	-0.120386
63	11	0.0392335
63	12	0.0129016
63	13	0.325186
63	14	0.0246737
63	15	0.130023
63	16	0.197328
63	17	0.233221
63	18	0.173916
63	19	0.0728557
63	20	-0.0363358
63	21	-0.983317
63	22	-0.579113
63	23	0.293405
63	24	-1.24984
63	25	-0.0297139
63	26	-0.0101995
63	27	-0.182955
63	28	0.00557335
63	29	-0.501917
63	30	-0.127894
63	31	0.2716
63	32	-0.352193
63	33	-0.756621
63	34	0.973973
63	35	-0.173463
63	36	-1.92344
63	37	-0.488879
64	1	0.29602
64	2	0.0315827
64	3	-0.0387767
64	4	0.0461665
64	5	-0.223071
64	6	-0.0666899
64	7	0.0405913
64	8	-0.162183
64	9	-0.0773587
64	10	0.135563
64	11	0.0139446
64	12	0.0353831
64	13	0.0781376
64	14	-0.219372
64	15	-0.0390766
64	16	-0.447432
64	17	-0.06137
64	18	0.419657
64	19	0.313071
64	20	-0.794571
64	21	-0.518834
64	22	-0.274201
64	23	0.131621
64	24	0.169708
64	25	0.0325823
64	26	-0.0244349
64	27	0.0218702
64	28	-0.0535754
64	29	-0.11954
64	30	0.311302
64	31	0.236449
64	32	-1.00918
64	33	-1.18584
64	34	1.46599
64	35	-0.884023
64	36	-1.61438
64	37	1.42562
65	1	-0.182853
65	2	-0.0671603
65	3	0.0389714
65	4	0.24037
65	5	0.0797891
65	6	-0.12938
65	7	-0.00473971
65	8	-0.173743
65	9	-0.0552648
65	10	0.0953295
65	11	0.0539336
65	12	-0.0834654
65	13	0.23643
65	14	-0.147252
65	15	0.222702
65	16	-0.0324626
65	17	-0.186561
65	18	-0.181684
65	19	-0.56406
65	20	-0.0969662
65	21	-0.764375
65	22	-0.19457
65	23	0.117629
65	24	-0.00515815
65	25	0.189469
65	26	-0.463291
65	27	-0.0239697
65	28	-1.48517
65	29	-0.642295
65	30	0.469305
65	31	0.414366
65	32	0.360453
65	33	-1.55123
65	34	1.41444
65	35	-1.11088
65	36	-0.646543
65	37	1.24184
66	1	-0.127028
66	2	-0.0487387
66	3	0.0449728
66	4	0.268647
66	5	0.0306602
66	6	0.00307797
66	7	-0.0709283
66	8	-0.131359
66	9	0.0179538
66	10	-0.0895593
66	11	0.0966931
66	12	-0.107437
66	13	0.0672558
66	14	-0.628584
66	15	0.20643
66	16	-0.585027
66	17	-0.150834
66	18	0.0833238
66	19	-0.252188
66	20	0.383001
66	21	-0.341555
66	22	0.148839
66	23	-0.566027
66	24	-0.050195
66	25	0.0633025
66	26	-0.332627
66	27	-0.00472977
66	28	-0.346334
66	29	0.479279
66	30	0.559172
66	31	-1.93503
66	32	-0.986971
66	33	-1.1106
66	34	-1.76848
66	35	-1.41458
66	36	-2.00422
66	37	0.125399
67	1	0.146005
67	2	0.0330194
67	3	0.0628465
67	4	0.229671
67	5	0.00152487
67	6	-0.0737573
67	7	-0.0640219
67	8	0.0574581
67	9	-0.188581
67	10	0.169548
67	11	0.060473
67	12	0.0147789
67	13	0.10181
67	14	0.27019
67	15	0.0437674
67	16	-0.0782726
67	17	-0.0653542
67	18	-0.277959
67	19	0.234801
67	20	-0.18988
67	21	-0.0331782
67	22	0.145782
67	23	0.417347
67	24	-0.482684
67	25	-0.951302
67	26	-0.163966
67	27	-0.436075
67	28	-0.280781
67	29	0.52987
67	30	-1.08316
67	31	-0.706142
67	32	0.805964
67	33	0.04004
67	34	-1.51694
67	35	-0.253322
67	36	0.236284
67	37	1.58143
68	1	0.184063
68	2	0.0863767
68	3	0.0541097
68	4	0.334532
68	5	-0.192955
68	6	0.0321132
68	7	0.0507749
68	8	0.182862
68	9	-0.0267819
68	10	0.141907
68	11	-0.221468
68	12	0.0304588
68	13	0.128088
68	14	-0.124662
68	15	-0.0862361
68	16	0.130352
68	17	-0.00324547
68	18	-0.99759
68	19	0.244614
68	20	0.123917
68	21	0.421665
68	22	-0.0513472
68	23	-0.227489
68	24	0.53979
68	25	0.615651
68	26	0.614123
68	27	-1.0211
68	28	0.276181
68	29	-0.198919
68	30	0.445853
68	31	0.2106
68	32	-0.461934
68	33	0.530399
68	34	-2.65535
68	35	1.31115
68	36	0.220644
68	37	-2.61039
69	1	0.324786
69	2	0.103195
69	3	0.0429081
69	4	0.159566
69	5	0.150719
69	6	0.0533646
69	7	-0.103662
69	8	-0.0103228
69	9	0.048095
69	10	0.0800271
69	11	0.181715
69	12	0.0994636
69	13	0.127533
69	14	-0.0132615
69	15	0.386347
69	16	-0.237163
69	17	-0.433799
69	18	-0.32573
69	19	-0.321624
69	20	-0.241516
69	21	0.353474
69	22	-0.628875
69	23	0.581501
69	24	0.473338
69	25	0.053771
69	26	0.737362
69	27	-1.26087
69	28	-0.192943
69	29	-0.0755595
69	30	0.0957394
69	31	0.703721
69	32	-0.0550361
69	33	-0.161548
69	34	-1.93069
69	35	1.48741
69	36	0.364472
69	37	0.758058
70	1	-0.141233
70	2	-0.012541
70	3	-0.0463396
70	4	-0.108675
70	5	-0.0072717
70	6	0.0238311
70	7	-0.0260778
70	8	0.0608217
70	9	0.0219976
70	10	-0.0159508
70	11	0.0826729
70	12	0.0144563
70	13	-0.111834
70	14	0.124492
70	15	0.0176806
70	16	-0.0356155
70	17	0.0177333
70	18	-0.352662
70	19	-0.597116
70	20	-0.282901
70	21	-0.290167
70	22	0.250475
70	23	0.305112
70	24	-0.219503
70	25	0.211068
70	26	-0.842919
70	27	-0.208257
70	28	-0.353278
70	29	-0.496524
70	30	-0.544205
70	31	-2.26441
70	32	-1.16635
70	33	-2.53255
70	34	-0.750964
70	35	-1.17413
70	36	-2.46489
70	37	-2.03771
71	1	0.0611811
71	2	0.0052903
71	3	-0.0890319
71	4	0.303827
71	5	-0.211417
71	6	0.000364301
71	7	0.0528475
71	8	0.132045
71	9	0.111534
71	10	0.0856682
71	11	0.0409435
71	12	0.0410281
71	13	0.260781
71	14	0.0721074
71	15	0.2145
71	16	0.116873
71	17	0.372507
71	18	0.144379
71	19	0.0199037
71	20	-0.218709
71	21	0.197618
71	22	-0.192498
71	23	-0.206053
71	24	0.22472
71	25	0.117205
71	26	0.306041
71	27	0.53606
71	28	0.663595
71	29	-0.0284507
71	30	0.431909
71	31	-0.490152
71	32	-1.19005
71	33	-1.04011
71	34	0.964154
71	35	1.36238
71	36	0.735184
71	37	-1.05601
72	1	0.443972
72	2	0.0680622
72	3	0.0983512
72	4	0.0605785
72	5	0.0939712
72	6	0.179096
72	7	0.117706
72	8	0.113406
72	9	0.141865
72	10	0.0874045
72	11	0.0591332
72	12	0.0498909
72	13	-0.603619
72	14	0.473378
72	15	0.419905
72	16	0.430898
72	17	-0.0585628
72	18	0.288777
72	19	0.281255
72	20	0.280436
72	21	-0.117308
72	22	0.276366
72	23	-0.27302
72	24	0.464948
72	25	-0.80039
72	26	-0.84343
72	27	-0.953631
72	28	0.464749
72	29	0.0227086
72	30	-0.651629
72	31	0.419061
72	32	0.636664
72	33	-1.39468
72	34	1.10156
72	35	-0.387626
72	36	1.05019
72	37	-1.0795
73	1	0.120982
73	2	-0.0676936
73	3	0.0198056
73	4	0.271233
73	5	0.0500386
73	6	-0.0235188
73	7	-0.0587418
73	8	-0.133547
73	9	0.0516366
73	10	0.0729157
73	11	-0.184726
73	12	-0.062212
73	13	-0.0895187
73	14	0.415062
73	15	0.144138
73	16	-0.0801033
73	17	0.14444
73	18	0.16555
73	19	-0.0624627
73	20	-1.15989
73	21	0.0200424
73	22	-1.6129
73	23	-0.55355
73	24	-0.35439
73	25	0.218674
73	26	-1.06824
73	27	-0.277704
73	28	-0.62387
73	29	0.311977
73	30	-1.68514
73	31	0.0768329
73	32	0.896502
73	33	1.83476
73	34	-2.73216
73	35	0.923302
73	36	0.545244
73	37	-3.92111
74	1	-0.10664
74	2	-0.0410872
74	3	0.104134
74	4	0.174728
74	5	0.10991
74	6	0.074038
74	7	-0.0586117
74	8	0.0225557
74	9	-0.147377
74	10	0.133241
74	11	-0.0496016
74	12	0.0939569
74	13	-0.0782408
74	14	0.416887
74	15	-0.170552
74	16	-0.195255
74	17	0.225426
74	18	0.255232
74	19	-0.658201
74	20	0.397284
74	21	-0.169384
74	22	0.275043
74	23	-0.729232
74	24	-0.0478214
74	25	0.35391
74	26	-0.518729
74	27	0.269796
74	28	-0.697483
74	29	-0.426876
74	30	-0.898905
74	31	-1.28626
74	32	0.164806
74	33	-1.59888
74	34	-2.02113
74	35	-0.260583
74	36	-2.45921
74	37	-2.01377
75	1	0.118643
75	2	-0.0156164
75	3	-0.0528183
75	4	-0.103748
75	5	0.0755206
75	6	-0.0603271
75	7	-0.086639
75	8	0.106516
75	9	0.0911742
75	10	0.10624
75	11	-0.0539686
75	12	0.0895585
75	13	0.0631541
75	14	-0.522986
75	15	0.0580488
75	16	-0.544521
75	17	0.160139
75	18	0.431459
75	19	-0.516639
75	20	0.346237
75	21	0.0544545
75	22	0.372249
75	23	-0.0429766
75	24	0.689858
75	25	0.546176
75	26	0.107956
75	27	0.476862
75	28	-0.3605
75	29	-0.295654
75	30	-1.2648
75	31	0.107838
75	32	1.15532
75	33	0.00797149
75	34	-0.46835
75	35	-0.797034
75	36	0.728511
75	37	0.0359098
76	1	-0.0395163
76	2	0.0101378
76	3	-0.0809051
76	4	-0.0522148
76	5	0.189318
76	6	0.0802864
76	7	0.0867429
76	8	0.103749
76	9	0.160176
76	10	0.193905
76	11	-0.0975693
76	12	0.059192
76	13	-0.200577
76	14	0.14865
76	15	-1.28162
76	16	-0.114664
76	17	0.0981677
76	18	-1.33437
76	19	-1.09987
76	20	0.459324
76	21	0.241811
76	22	0.0328777
76	23	0.35796
76	24	0.155415
76	25	0.392627
76	26	0.1706
76	27	0.361323
76	28	-0.0431794
76	29	-1.81993
76	30	-0.556146
76	31	-1.79786
76	32	-0.336707
76	33	-0.40978
76	34	-0.314694
76	35	-0.915761
76	36	-1.2081
76	37	-1.38087
77	1	-0.770037
77	2	0.0207693
77	3	-0.16425
77	4	-0.0740096
77	5	-0.16779
77	6	-0.102443
77	7	-0.032933
77	8	-0.0228597
77	9	0.000986174
77	10	0.0505962
77	11	-0.296665
77	12	-0.0331605
77	13	0.029835
77	14	-0.00265712
77	15	-1.67148
77	16	-0.545059
77	17	0.0986063
77	18	-0.458071
77	19	0.227407
77	20	-0.980798
77	21	0.155553
77	22	-0.46846
77	23	-0.434499
77	24	-0.794732
77	25	0.355094
77	26	0.268432
77	27	-0.175967
77	28	0.271435
77	29	-0.491717
77	30	-1.6054
77	31	0.31628
77	32	0.257901
77	33	-0.579508
77	34	-0.467963
77	35	-0.553544
77	36	-1.20486
77	37	-0.619942
78	1	0.0167424
78	2	0.127045
78	3	-0.0353772
78	4	0.0757696
78	5	0.135989
78	6	-0.00696313
78	7	-0.0379383
78	8	0.09499
78	9	-0.0933151
78	10	0.0699477
78	11	0.0132777
78	12	-0.105882
78	13	0.136205
78	14	0.261598
78	15	0.431597
78	16	-0.543154
78	17	0.141607
78	18	-0.0545946
78	19	0.267072
78	20	-0.678143
78	21	0.0624448
78	22	0.103499
78	23	0.546065
78	24	0.184509
78	25	0.61539
78	26	0.572963
78	27	0.801457
78	28	0.739447
78	29	-0.0547385
78	30	0.211578
78	31	0.422721
78	32	0.701783
78	33	-0.000509009
78	34	-2.49921
78	35	-0.389537
78	36	1.17475
78	37	1.09063
79	1	-0.301595
79	2	0.112769
79	3	0.132911
79	4	0.307305
79	5	0.0817817
79	6	-0.0528857
79	7	0.0159786
79	8	0.0256068
79	9	-0.0447807
79	10	0.13548
79	11	0.188479
79	12	0.0251117
79	13	0.364953
79	14	-0.0864947
79	15	0.0646217
79	16	-0.244717
79	17	0.0686336
79	18	0.22841
79	19	0.271169
79	20	-0.307913
79	21	-0.208546
79	22	-0.755169
79	23	0.463998
79	24	-2.15645
79	25	0.310505
79	26	-0.121414
79	27	0.0224673
79	28	0.640619
79	29	0.318074
79	30	0.435837
79	31	-0.510385
79	32	0.100725
79	33	-0.402663
79	34	0.546872
79	35	0.693236
79	36	1.40035
79	37	0.992353
80	1	0.20939
80	2	0.120505
80	3	-0.0937436
80	4	-0.0957405
80	5	-0.0356894
80	6	-0.00961538
80	7	-0.0652867
80	8	0.0905013
80	9	-0.0449468
80	10	-0.176678
80	11	-0.145606
80	12	0.137601
80	13	0.0435812
80	14	-0.130637
80	15	-0.224869
80	16	0.194803
80	17	0.264231
80	18	-0.435089
80	19	-0.320909
80	20	0.114031
80	21	0.0357712
80	22	-0.111737
80	23	-0.398848
80	24	-0.0112101
80	25	0.104895
80	26	-0.250585
80	27	-0.862106
80	28	0.144839
80	29	-0.0794616
80	30	0.277908
80	31	0.710152
80	32	-0.0831094
80	33	0.136975
80	34	0.415992
80	35	0.323073
80	36	-0.390707
80	37	1.41758
81	1	-0.971717
81	2	0.137586
81	3	0.017061
81	4	0.341506
81	5	0.0366477
81	6	0.222627
81	7	0.0538727
81	8	-0.0488112
81	9	-0.156531
81	10	0.105646
81	11	-0.22958
81	12	0.078459
81	13	-0.101992
81	14	-0.187282
81	15	-0.281137
81	16	0.40946
81	17	-0.149817
81	18	0.188918
81	19	-1.58195
81	20	0.0940762
81	21	0.379706
81	22	0.307475
81	23	-0.238423
81	24	-0.179883
81	25	-0.316044
81	26	-0.454611
81	27	-0.0555861
81	28	-0.0292446
81	29	-0.17598
81	30	0.546544
81	31	0.360871
81	32	1.00347
81	33	0.136301
81	34	1.52674
81	35	-0.677721
81	36	1.86819
81	37	1.28812
82	1	-0.173265
82	2	0.0672787
82	3	0.103337
82	4	-0.362997
82	5	0.118116
82	6	-0.135719
82	7	-0.0258838
82	8	-0.0617361
82	9	0.0652977
82	10	0.152932
82	11	0.105643
82	12	0.155945
82	13	0.33762
82	14	0.199945
82	15	0.412711
82	16	0.409816
82	17	-0.27644
82	18	-0.838644
82	19	0.476768
82	20	-1.04278
82	21	-0.0626076
82	22	0.447734
82	23	0.380185
82	24	-0.464041
82	25	-0.772399
82	26	-0.0922191
82	27	0.185472
82	28	0.338538
82	29	0.0800448
82	30	0.556704
82	31	0.519559
82	32	-1.28428
82	33	-3.65458
82	34	-1.30613
82	35	-1.11391
82	36	1.38153
82	37	-0.413336
83	1	-0.063891
83	2	0.0911248
83	3	0.0683839
83	4	-0.34053
83	5	0.197902
83	6	-0.00282068
83	7	0.00175181
83	8	0.039064
83	9	0.014939
83	10	0.177514
83	11	-0.0582097
83	12	0.154244
83	13	0.321623
83	14	-0.362087
83	15	-0.288523
83	16	0.352351
83	17	0.152427
83	18	-0.760882
83	19	0.194187
83	20	0.431335
83	21	0.274884
83	22	0.0452672
83	23	-0.0964775
83	24	-0.052502
83	25	0.264232
83	26	0.0868671
83	27	0.188073
83	28	0.108395
83	29	-0.724098
83	30	0.429218
83	31	0.748657
83	32	-0.237179
83	33	0.0106594
83	34	-0.57474
83	35	-0.583862
83	36	0.684213
83	37	-1.1962
84	1	-0.362937
84	2	0.13643
84	3	0.0842586
84	4	-0.936464
84	5	-0.112827
84	6	-0.0893282
84	7	-0.0644367
84	8	0.0501545
84	9	-0.0175231
84	10	-0.143571
84	11	-0.258986
84	12	-0.0648775
84	13	-0.0399378
84	14	0.225376
84	15	0.350623
84	16	0.149781
84	17	0.0842876
84	18	0.270447
84	19	0.00833115
84	20	0.0189652
84	21	0.244266
84	22	-0.106194
84	23	0.57782
84	24	-0.305328
84	25	0.319475
84	26	0.0503606
84	27	0.805924
84	28	0.216902
84	29	0.158912
84	30	0.522324
84	31	0.598246
84	32	0.12252
84	33	2.21735
84	34	-1.24443
84	35	-0.555342
84	36	0.891021
84	37	1.04927
85	1	-0.0214078
85	2	-0.0320542
85	3	0.0753421
85	4	-0.262036
85	5	-0.342361
85	6	0.170279
85	7	0.0096237
85	8	0.0671747
85	9	0.0535646
85	10	0.145083
85	11	-0.0479495
85	12	0.0398303
85	13	-0.22426
85	14	0.406834
85	15	-0.258954
85	16	0.0750227
85	17	-0.376474
85	18	0.11935
85	19	0.167212
85	20	0.62304
85	21	0.154926
85	22	0.258138
85	23	-0.146649
85	24	-0.253194
85	25	-0.191362
85	26	0.530699
85	27	0.330179
85	28	-1.08166
85	29	0.643672
85	30	0.377045
85	31	0.84597
85	32	-0.808146
85	33	1.02233
85	34	-1.68515
85	35	0.515075
85	36	-0.859122
85	37	-1.52889
86	1	0.488657
86	2	0.112881
86	3	0.0966819
86	4	0.0783803
86	5	-0.0353558
86	6	0.174755
86	7	-0.102446
86	8	0.0465394
86	9	0.0790709
86	10	0.0328506
86	11	-0.0462087
86	12	0.132971
86	13	-0.130262
86	14	0.461519
86	15	-0.107138
86	16	0.34257
86	17	-0.0303176
86	18	-0.138065
86	19	-0.0576072
86	20	-0.17357
86	21	-0.419031
86	22	0.522213
86	23	-0.562003
86	24	0.21854
86	25	0.221872
86	26	0.454887
86	27	0.632868
86	28	-0.36829
86	29	0.991966
86	30	0.854795
86	31	0.745022
86	32	1.08031
86	33	1.59895
86	34	-0.971062
86	35	0.652585
86	36	0.480024
86	37	-0.719354
87	1	0.559192
87	2	0.0922548
87	3	0.01052
87	4	0.345782
87	5	0.059101
87	6	-0.0619743
87	7	-0.0487881
87	8	0.0176467
87	9	0.0593398
87	10	0.0959101
87	11	0.00133666
87	12	0.0227808
87	13	-0.417428
87	14	-0.318536
87	15	0.310251
87	16	-0.338835
87	17	-0.745361
87	18	-0.0790574
87	19	-0.504012
87	20	-0.187207
87	21	-0.701775
87	22	0.0227919
87	23	0.511297
87	24	-0.309483
87	25	0.0850014
87	26	0.315025
87	27	0.25917
87	28	0.55598
87	29	-0.506
87	30	0.0782578
87	31	0.506813
87	32	-0.597729
87	33	-0.0909181
87	34	-1.02207
87	35	1.76163
87	36	1.21365
87	37	-1.17772
88	1	0.107274
88	2	0.102413
88	3	0.177007
88	4	0.308737
88	5	0.176349
88	6	-0.0297933
88	7	0.133914
88	8	0.0881461
88	9	-0.0173117
88	10	-0.206193
88	11	0.203741
88	12	-0.0299303
88	13	0.519893
88	14	0.345989
88	15	0.0817855
88	16	0.0690411
88	17	0.447987
88	18	0.403999
88	19	0.573384
88	20	0.473109
88	21	0.266887
88	22	0.303996
88	23	0.245791
88	24	0.550993
88	25	0.871187
88	26	-0.0904851
88	27	0.745522
88	28	0.635845
88	29	0.936291
88	30	0.738371
88	31	0.450148
88	32	1.12734
88	33	1.54786
88	34	1.58447
88	35	1.14261
88	36	-0.208303
88	37	-1.36898
89	1	0.444952
89	2	-0.0439733
89	3	-0.0439054
89	4	-0.263822
89	5	-0.245954
89	6	0.0836849
89	7	0.109925
89	8	0.0154781
89	9	0.190257
89	10	0.0556087
89	11	0.210434
89	12	0.080623
89	13	-0.507488
89	14	-0.0149301
89	15	0.415771
89	16	0.245121
89	17	-0.0428855
89	18	0.298755
89	19	0.129063
89	20	0.367341
89	21	0.0597958
89	22	-0.156192
89	23	0.464605
89	24	0.0345504
89	25	0.00580193
89	26	0.55913
89	27	0.0427785
89	28	0.662129
89	29	0.623382
89	30	0.211414
89	31	0.468452
89	32	0.423454
89	33	0.228593
89	34	-1.2862
89	35	-0.236191
89	36	1.78264
89	37	2.1167
90	1	0.508529
90	2	-0.0115693
90	3	0.0467473
90	4	-0.013947
90	5	0.0401583
90	6	-0.114988
90	7	0.0249099
90	8	0.179618
90	9	0.0605238
90	10	-0.183769
90	11	-0.116302
90	12	0.0830134
90	13	-0.380886
90	14	0.14534
90	15	-0.388864
90	16	0.0704697
90	17	0.247598
90	18	0.160406
90	19	0.0703104
90	20	-0.110051
90	21	0.344896
90	22	0.377676
90	23	0.658215
90	24	0.224067
90	25	0.0107544
90	26	0.204666
90	27	-0.192703
90	28	0.205542
90	29	0.243044
90	30	0.280838
90	31	0.798503
90	32	0.654613
90	33	1.19656
90	34	1.58911
90	35	-0.30341
90	36	1.87802
90	37	1.3689
91	1	-0.0745874
91	2	0.0947478
91	3	0.0208855
91	4	-0.152812
91	5	0.160136
91	6	0.139413
91	7	0.0813473
91	8	0.0454509
91	9	0.115695
91	10	0.0409386
91	11	-0.084348
91	12	-0.119937
91	13	0.163238
91	14	0.108896
91	15	0.392297
91	16	-0.166551
91	17	0.239565
91	18	-0.109323
91	19	0.391715
91	20	0.335964
91	21	0.114465
91	22	0.363166
91	23	0.0675304
91	24	-0.189129
91	25	0.9847
91	26	-0.211752
91	27	0.969907
91	28	0.451237
91	29	1.07665
91	30	1.00163
91	31	0.953466
91	32	0.719692
91	33	0.624124
91	34	1.64978
91	35	0.868676
91	36	-0.35251
91	37	-1.01444
92	1	-0.0212523
92	2	0.0164731
92	3	0.0671022
92	4	0.0314708
92	5	0.0802805
92	6	0.0934558
92	7	-0.0239985
92	8	0.104887
92	9	0.11835
92	10	-0.10957
92	11	0.0203276
92	12	-0.00637275
92	13	0.383198
92	14	0.0184536
92	15	0.031641
92	16	0.149172
92	17	-0.175521
92	18	0.298964
92	19	0.352209
92	20	0.249702
92	21	0.437232
92	22	0.383333
92	23	0.496821
92	24	0.304328
92	25	0.136737
92	26	-0.0694119
92	27	0.240416
92	28	0.227935
92	29	0.158401
92	30	0.392234
92	31	0.6211
92	32	0.786021
92	33	-1.62628
92	34	-0.394279
92	35	-0.458824
92	36	-0.648743
92	37	-0.758539
93	1	0.23014
93	2	0.0426988
93	3	0.049109
93	4	0.029651
93	5	0.176702
93	6	0.147738
93	7	0.0887764
93	8	0.0349585
93	9	0.138385
93	10	-0.13177
93	11	0.179416
93	12	-0.0122121
93	13	0.14184
93	14	0.0916992
93	15	0.112965
93	16	0.520671
93	17	0.0614521
93	18	0.577688
93	19	0.297735
93	20	0.206881
93	21	0.291557
93	22	-0.0158982
93	23	0.209752
93	24	0.34312
93	25	0.426366
93	26	0.0956195
93	27	0.251044
93	28	-0.0597006
93	29	-1.30529
93	30	0.599188
93	31	1.08908
93	32	-1.43395
93	33	-2.00272
93	34	0.404697
93	35	-0.24768
93	36	-0.0998652
93	37	-0.0571869
94	1	-1.18876
94	2	-0.0295822
94	3	0.0490913
94	4	-0.0598218
94	5	-0.0115448
94	6	-0.0746714
94	7	0.0191027
94	8	-0.0167542
94	9	0.186901
94	10	-0.382823
94	11	-0.177035
94	12	-0.00232502
94	13	0.0335959
94	14	0.142109
94	15	-0.0128487
94	16	-0.861314
94	17	-0.0299949
94	18	0.162336
94	19	0.31651
94	20	0.158364
94	21	0.0396146
94	22	0.300227
94	23	0.276811
94	24	0.271348
94	25	-0.0705422
94	26	-1.16539
94	27	0.253615
94	28	0.146975
94	29	0.488441
94	30	0.164956
94	31	0.745381
94	32	-0.0517284
94	33	-1.11642
94	34	0.687689
94	35	0.668572
94	36	0.911032
94	37	0.323552
95	1	-0.624015
95	2	0.102941
95	3	0.00898628
95	4	-0.0426719
95	5	0.0155597
95	6	-0.0380031
95	7	0.0812691
95	8	0.0277137
95	9	-0.00941428
95	10	-0.0108552
95	11	-0.0498002
95	12	0.0176071
95	13	-0.374179
95	14	0.0515207
95	15	-0.260819
95	16	-0.115327
95	17	0.151527
95	18	-0.169042
95	19	-0.121278
95	20	0.0145638
95	21	0.146233
95	22	0.0837693
95	23	0.239332
95	24	0.244276
95	25	0.305565
95	26	0.388052
95	27	0.0793888
95	28	0.188763
95	29	0.475462
95	30	-0.0782113
95	31	-0.483567
95	32	0.813022
95	33	0.12543
95	34	0.538956
95	35	-0.966153
95	36	-0.138235
95	37	0.292664
96	1	-0.183805
96	2	0.0745744
96	3	0.165868
96	4	0.300917
96	5	0.139438
96	6	0.159733
96	7	0.0860614
96	8	0.0932212
96	9	0.165434
96	10	0.131285
96	11	0.115133
96	12	0.00848951
96	13	0.153192
96	14	0.121092
96	15	0.327469
96	16	-0.334788
96	17	0.366542
96	18	0.158558
96	19	0.0932483
96	20	0.305419
96	21	-0.0854256
96	22	0.429577
96	23	0.279045
96	24	0.557047
96	25	0.446405
96	26	1.07871
96	27	0.776632
96	28	0.453393
96	29	0.754305
96	30	0.517093
96	31	0.7437
96	32	1.42298
96	33	1.52508
96	34	1.00754
96	35	1.14045
96	36	1.21148
96	37	-0.0154332
97	1	0.265064
97	2	-0.077994
97	3	0.0619551
97	4	0.241512
97	5	0.117819
97	6	0.0265863
97	7	0.0591387
97	8	0.0322218
97	9	0.136454
97	10	-0.0258095
97	11	0.134054
97	12	0.00696213
97	13	0.276768
97	14	-0.193834
97	15	0.245968
97	16	-0.089807
97	17	0.108555
97	18	0.331682
97	19	0.312801
97	20	0.153874
97	21	0.208472
97	22	0.140596
97	23	0.0396604
97	24	0.0778377
97	25	-0.0213099
97	26	0.026965
97	27	0.0931704
97	28	-0.548977
97	29	0.358713
97	30	-0.429661
97	31	0.301615
97	32	0.397671
97	33	1.32906
97	34	1.49557
97	35	0.857167
97	36	1.54255
97	37	1.27622
98	1	-0.0707961
98	2	0.106874
98	3	0.157873
98	4	0.213902
98	5	0.172532
98	6	0.171917
98	7	0.0600934
98	8	0.151664
98	9	0.125282
98	10	0.0917986
98	11	0.0799035
98	12	0.154544
98	13	0.0183528
98	14	0.384764
98	15	-0.143583
98	16	0.525958
98	17	0.149972
98	18	0.227745
98	19	0.315316
98	20	-0.228263
98	21	-0.0180014
98	22	0.40751
98	23	-0.13332
98	24	0.209354
98	25	0.212039
98	26	0.0555171
98	27	0.287795
98	28	0.427242
98	29	0.0296598
98	30	-0.0658238
98	31	1.24946
98	32	0.198562
98	33	1.2411
98	34	-0.475983
98	35	0.556209
98	36	0.232781
98	37	0.652594
99	1	-0.138659
99	2	0.0157998
99	3	-0.0166121
99	4	0.321947
99	5	0.177529
99	6	0.0996854
99	7	0.117034
99	8	-0.270824
99	9	0.0101678
99	10	-0.0591098
99	11	0.120919
99	12	0.05365
99	13	0.205511
99	14	0.400599
99	15	0.204439
99	16	0.26509
99	17	-0.00543358
99	18	0.27829
99	19	0.0968179
99	20	-0.0428798
99	21	0.381416
99	22	-0.0208552
99	23	0.204158
99	24	0.467788
99	25	0.166767
99	26	0.570687
99	27	0.206259
99	28	0.542523
99	29	0.527355
99	30	0.00334724
99	31	0.546042
99	32	1.15319
99	33	1.61522
99	34	1.03289
99	35	0.551771
99	36	-0.682435
99	37	1.90657
100	1	-0.936116
100	2	0.0474305
100	3	0.0472941
100	4	0.225982
100	5	0.230857
100	6	-0.0772745
100	7	0.0910126
100	8	0.134226
100	9	0.178734
100	10	-0.166026
100	11	-0.00537742
100	12	0.0993383
100	13	0.424086
100	14	0.175022
100	15	0.115169
100	16	0.276245
100	17	0.277229
100	18	0.127403
100	19	0.265845
100	20	0.113058
100	21	0.0898778
100	22	0.288419
100	23	0.199608
100	24	0.064503
100	25	0.163921
100	26	0.126084
100	27	-0.190134
100	28	0.287007
100	29	-1.38414
100	30	-0.140539
100	31	-0.0957778
100	32	0.450478
100	33	-0.536486
100	34	-0.788588
100	35	0.0389743
100	36	-1.21203
100	37	-0.975776
>>END_MODULE
>>Per sequence quality scores	pass
#Quality	Count
2	2
3	3
4	9
5	11
6	23
7	28
8	45
9	65
10	72
11	104
12	107
13	154
14	203
15	300
16	386
17	533
18	646
19	540
20	623
21	654
22	772
23	847
24	1033
25	1230
26	1582
27	2097
28	3072
29	4374
30	6460
31	9631
32	14313
33	21703
34	33262
35	52774
36	84596
37	137632
38	223092
39	325615
40	129064
>>END_MODULE
>>Per base sequence content	fail
#Base	G	A	T	C
1	40.8632	8.07559	8.5887	42.4726
2	28.5734	14.7675	28.0327	28.6264
3	26.3033	20.1587	18.1514	35.3865
4	34.3206	23.1316	16.5277	26.0202
5	30.0857	28.3876	21.0114	20.5153
6	24.5433	32.8645	20.2552	22.3369
7	22.0099	16.7427	35.4439	25.8035
8	23.8046	22.3539	25.5655	28.276
9	24.1026	20.566	27.912	27.4194
10	25.5061	32.4039	20.6255	21.4645
11	28.3051	24.7309	18.5795	28.3845
12	25.7533	21.0799	24.8226	28.3442
13	26.1276	23.2024	25.3327	25.3298
14	25.4163	24.0476	24.7187	25.7965
15	25.2138	24.0618	24.426	26.283
16	26.5758	23.1878	23.5271	26.6907
17	26.3328	24.1541	23.5323	25.9176
18	25.393	24.298	24.1063	26.0929
19	26.8573	22.8907	23.3149	26.8137
20	26.3465	24.1366	23.4794	25.897
21	25.6923	23.8162	24.0902	26.236
22	26.8575	23.1146	23.0032	26.8322
23	26.1848	23.8877	23.6725	26.0324
24	25.5997	23.9526	23.9125	26.2888
25	26.7244	23.2083	22.9543	26.8598
26	26.3039	24.2112	23.3498	25.8634
27	25.796	23.9946	23.58	26.3395
28	26.9916	22.8077	23.0547	26.8542
29	26.11	24.0113	23.4967	26.0592
30	25.7369	23.9001	23.644	26.3573
31	26.7532	22.8996	22.9781	26.9789
32	26.2284	23.8939	23.5495	25.9311
33	25.188	23.9614	24.2214	26.2003
34	26.5007	22.9714	23.3076	26.7929
35	26.09	23.9237	23.626	25.981
36	25.3646	23.6692	24.118	26.4819
37	26.5057	22.7649	23.2923	27.0399
>>END_MODULE
>>Per sequence GC content	warn
#GC Content	Count
0	183
1	106
2	29
3	29
4	64
5	99
6	99
7	120.5
8	142
9	227.5
10	313
11	313
12	484
13	655
14	655
15	1001
16	1347
17	1347
18	1940.5
19	2534
20	3447
21	4360
22	4360
23	5757
24	7154
25	7154
26	8538.5
27	9923
28	11938
29	13953
30	13953
31	16601.5
32	19250
33	19250
34	21937.5
35	24625
36	28425
37	32225
38	32225
39	36710.5
40	41196
41	41196
42	46618.5
43	52041
44	52041
45	58490.5
46	64940
47	72624
48	80308
49	80308
50	87949.5
51	95591
52	95591
53	101029
54	106467
55	109194
56	111920
57	111920
58	109325
59	106730
60	106730
61	99954
62	93178
63	93178
64	82619.5
65	72061
66	61173
67	50285
68	50285
69	41187
70	32089
71	32089
72	25042.5
73	17996
74	13399
75	8802
76	8802
77	6382.5
78	3963
79	3963
80	2903.5
81	1844
82	1321.5
83	799
84	799
85	569.5
86	340
87	340
88	249.5
89	159
90	159
91	122
92	85
93	56
94	27
95	27
96	19
97	11
98	11
99	22
100	33
>>END_MODULE
>>Per base N content	pass
#Base	N-Count
1	0
2	0
3	0
4	0
5	0
6	0
7	0
8	0
9	0
10	0
11	0
12	0
13	0.00756389
14	0.0208952
15	0.015506
16	0.0186261
17	0.0631585
18	0.109865
19	0.123386
20	0.140594
21	0.165271
22	0.192501
23	0.222567
24	0.246488
25	0.253107
26	0.271733
27	0.289886
28	0.291777
29	0.322884
30	0.361743
31	0.390202
32	0.397104
33	0.428967
34	0.42736
35	0.379234
36	0.366281
37	0.397199
>>END_MODULE
>>Sequence Length Distribution	pass
#Length	Count
37	1057657.0
>>END_MODULE
>>Sequence Duplication Levels	pass
#Total Deduplicated Percentage	76.3993
#Duplication Level	Percentage of deduplicated	Percentage of total
1	89.1566	68.115
2	6.20888	9.48708
3	1.82724	4.18799
4	0.851136	2.60105
5	0.476854	1.82157
6	0.326151	1.49506
7	0.233973	1.25127
8	0.166416	1.01713
9	0.124596	0.856713
>10	0.603924	7.6432
>50	0.0202917	1.04473
>100	0.00395935	0.479165
>500	0	0
>1k	0	0
>5k	0	0
>10k+	0	0
>>END_MODULE
>>Overrepresented sequences	pass
>>END_MODULE
>>Adapter Content	pass
#Position	Illumina Universal Adapter	Illumina Small RNA 3' Adapter	Illumina Small RNA 5' Adapter	Nextera Transposase Sequence	PolyA	PolyG
1	9.45486e-05	0	0	0	0.0219353	0
2	9.45486e-05	0	9.45486e-05	0	0.0227862	0
3	9.45486e-05	0	9.45486e-05	0	0.0238262	0
4	0.000472743	0	9.45486e-05	0	0.0242044	9.45486e-05
5	0.000472743	0	0.000189097	0	0.0245826	0.000378194
6	0.000472743	0	0.000283646	0	0.0254336	0.00066184
7	0.000472743	0	0.000472743	0	0.0259063	0.000945486
8	0.00066184	0	0.000567292	0	0.0275136	0.00104003
9	0.00066184	0	0.00104003	0	0.0284591	0.00122913
10	0.00066184	0	0.00104003	0	0.0302556	0.00132368
11	0.00066184	0	0.00132368	0	0.0309174	0.00217462
12	0.00066184	0	0.00141823	0	0.0313901	0.0033092
13	0.00066184	0	0.00141823	0	0.0321465	0.00340375
14	0.00066184	0	0.00141823	0	0.0333757	0.00397104
15	0.00113458	0	0.00151278	0	0.033943	0.00472743
16	0.00113458	0	0.00151278	0	0.0350775	0.00595656
17	0.00113458	0	0.00151278	0	0.0359285	0.00728024
18	0.00132368	0	0.00151278	0	0.0367794	0.00926576
19	0.00141823	0	0.00151278	0	0.0373467	0.0121022
20	0.00491653	0	0.00151278	0	0.0380085	0.0138041
21	0.0068075	0	0.00151278	0	0.0392377	0.0161678
22	0.0109676	0	0.00151278	0	0.0395213	0.0179642
23	0.0196661	0	0.00151278	0	0.0399941	0.0200443
24	0.0267573	0	0.00151278	0	0.0403723	0.0226917
25	0.0361176	0	0.00151278	0	0.0411286	0.0258118
26	0.0479361	0	0.00151278	0	0.0419796	0.0286482
27	0.0479361	0	0.00151278	0	0.0419796	0.0286482
28	0.0479361	0	0.00151278	0	0.0419796	0.0286482
29	0.0479361	0	0.00151278	0	0.0419796	0.0286482
30	0.0479361	0	0.00151278	0	0.0419796	0.0286482
31	0.0479361	0	0.00151278	0	0.0419796	0.0286482
32	0.0479361	0	0.00151278	0	0.0419796	0.0286482
33	0.0479361	0	0.00151278	0	0.0419796	0.0286482
34	0.0479361	0	0.00151278	0	0.0419796	0.0286482
35	0.0479361	0	0.00151278	0	0.0419796	0.0286482
36	0.0479361	0	0.00151278	0	0.0419796	0.0286482
37	0.0479361	0	0.00151278	0	0.0419796	0.0286482
>>END_MODULE
