##Falco	1.2.4
>>Basic Statistics	pass
#Measure	Value
Filename	GSM461177_subsampled_reverse
File type	Conventional base calls
Encoding	Sanger / Illumina 1.9
Total Sequences	1057657
Sequences flagged as poor quality	0
Sequence length	37
%GC	55
>>END_MODULE
>>Per base sequence quality	pass
#Base	Mean	Median	Lower Quartile	Upper Quartile	10th Percentile	90th Percentile
1	38.8609	40	40	40	40	40
2	39.292	40	40	40	40	40
3	39.3922	40	40	40	40	40
4	39.1532	40	40	40	40	40
5	39.1822	40	40	40	40	40
6	39.2048	40	40	40	40	40
7	39.3186	40	40	40	40	40
8	39.277	40	40	40	40	40
9	39.2776	40	40	40	40	40
10	38.9824	40	40	40	40	40
11	39.0339	40	40	40	40	40
12	39.0084	40	40	40	40	40
13	39.0156	40	40	40	40	40
14	38.8643	40	40	40	40	40
15	38.7629	40	40	40	40	40
16	38.631	40	40	40	40	40
17	38.536	40	40	40	40	40
18	38.3929	40	40	40	40	40
19	38.2339	40	40	40	40	40
20	38.049	40	40	40	40	40
21	37.9097	40	40	40	38	40
22	37.7808	40	40	40	35	40
23	37.5159	40	40	40	32	40
24	37.1473	40	40	40	28	40
25	36.7357	40	40	40	26	40
26	36.4956	40	40	40	24	40
27	36.3248	40	40	40	23	40
28	36.0499	40	40	40	22	40
29	35.4848	40	38	40	20	40
30	35.4026	40	37	40	20	40
31	34.694	40	34	40	17	40
32	34.3418	40	32	40	17	40
33	33.7925	40	30	40	15	40
34	33.4711	40	29	40	15	40
35	32.6001	40	27	40	13	40
36	31.9122	40	25	40	12	40
37	31.2486	40	23	40	11	40
>>END_MODULE
>>Per tile sequence quality	fail
#Tile	Base	Mean
1	1	0.65703
1	2	0.213925
1	3	0.0725416
1	4	-0.120332
1	5	0.335884
1	6	0.0819337
1	7	0.107387
1	8	0.268647
1	9	-0.202837
1	10	0.568884
1	11	0.148779
1	12	-0.511878
1	13	0.392279
1	14	0.101255
1	15	-0.598495
1	16	0.00792208
1	17	-0.344627
1	18	-1.04991
1	19	0.100999
1	20	0.42755
1	21	0.523338
1	22	1.03162
1	23	0.706961
1	24	0.886362
1	25	1.00453
1	26	-0.0675515
1	27	0.361143
1	28	0.442879
1	29	1.02849
1	30	0.374807
1	31	0.595691
1	32	0.0578936
1	33	-1.21033
1	34	0.0331275
1	35	1.35366
1	36	0.887561
1	37	1.08708
2	1	0.0549897
2	2	-0.398242
2	3	-0.233989
2	4	0.114184
2	5	0.233745
2	6	0.00187604
2	7	-0.510141
2	8	-0.143627
2	9	-0.0592162
2	10	-0.389406
2	11	-0.189935
2	12	-0.0422185
2	13	-0.0478842
2	14	0.251094
2	15	-0.599737
2	16	-1.25794
2	17	0.214963
2	18	0.389821
2	19	-0.399861
2	20	-0.199237
2	21	-0.691204
2	22	-0.201746
2	23	-0.0558248
2	24	-0.31876
2	25	-17.7127
2	26	-18.8571
2	27	-1.73494
2	28	-2.28815
2	29	0.627094
2	30	-1.33762
2	31	-0.152326
2	32	-0.333801
2	33	0.649859
2	34	-0.216208
2	35	1.52123
2	36	1.95242
2	37	0.847312
3	1	-0.741993
3	2	0.0695004
3	3	0.175619
3	4	-0.198511
3	5	0.407835
3	6	0.0194272
3	7	0.258364
3	8	0.212217
3	9	0.262463
3	10	-0.277717
3	11	-0.325176
3	12	-0.21825
3	13	-0.398248
3	14	0.588693
3	15	-0.093771
3	16	-1.63574
3	17	-0.143552
3	18	0.810043
3	19	-0.513077
3	20	-1.28006
3	21	0.537516
3	22	-0.14167
3	23	-2.5389
3	24	-0.0783508
3	25	-2.14762
3	26	-1.07655
3	27	1.29056
3	28	-0.135632
3	29	0.0449231
3	30	0.444897
3	31	-0.168802
3	32	0.309245
3	33	-0.891035
3	34	0.791353
3	35	1.00926
3	36	0.301705
3	37	1.45241
4	1	0.367092
4	2	0.243129
4	3	0.179729
4	4	-0.260302
4	5	0.0766938
4	6	0.213452
4	7	0.0424665
4	8	0.0819924
4	9	-0.300719
4	10	0.656628
4	11	0.230598
4	12	-0.0969752
4	13	0.130273
4	14	-0.451924
4	15	0.339585
4	16	0.179634
4	17	0.607227
4	18	-0.427176
4	19	-0.535336
4	20	1.05462
4	21	0.774411
4	22	0.544182
4	23	0.548377
4	24	0.780778
4	25	-0.327448
4	26	0.490674
4	27	-0.0517409
4	28	-1.15235
4	29	0.478282
4	30	-1.90483
4	31	-1.22336
4	32	-1.48097
4	33	-1.61471
4	34	0.533081
4	35	-2.21435
4	36	0.436345
4	37	-0.198894
5	1	0.616113
5	2	0.0218731
5	3	-0.255083
5	4	-0.291451
5	5	0.028433
5	6	-0.12499
5	7	0.143384
5	8	0.0367021
5	9	-0.0514676
5	10	0.264166
5	11	-0.397813
5	12	0.128426
5	13	-0.0486663
5	14	0.535308
5	15	-0.0216198
5	16	0.212237
5	17	0.337733
5	18	0.0275144
5	19	-1.38245
5	20	0.0988096
5	21	-0.278095
5	22	-0.155241
5	23	-0.486403
5	24	0.573264
5	25	-1.6651
5	26	-0.189841
5	27	-0.12234
5	28	0.262853
5	29	1.38511
5	30	1.4049
5	31	-1.82093
5	32	0.868723
5	33	0.61992
5	34	1.14567
5	35	-1.79315
5	36	0.698933
5	37	-1.02179
6	1	-0.299962
6	2	-0.0232798
6	3	-0.0380875
6	4	-0.396699
6	5	-0.125586
6	6	0.0887543
6	7	-0.233057
6	8	0.0276302
6	9	0.51694
6	10	-0.696777
6	11	0.628982
6	12	0.0112328
6	13	-0.495012
6	14	0.411827
6	15	0.19137
6	16	0.42753
6	17	0.330602
6	18	0.489508
6	19	0.730106
6	20	0.264819
6	21	-0.822292
6	22	0.443464
6	23	1.02079
6	24	0.0535152
6	25	-1.18666
6	26	-1.8085
6	27	-0.107298
6	28	1.0086
6	29	-2.49749
6	30	1.03401
6	31	1.68904
6	32	0.149472
6	33	1.60117
6	34	-2.33833
6	35	1.80837
6	36	-0.979326
6	37	0.886773
7	1	-0.110138
7	2	-0.156306
7	3	0.353778
7	4	-0.40718
7	5	0.159246
7	6	0.317075
7	7	0.218982
7	8	0.180026
7	9	0.207758
7	10	-0.0556065
7	11	0.144515
7	12	0.204465
7	13	-0.0843371
7	14	0.52532
7	15	0.26967
7	16	0.233348
7	17	0.157926
7	18	0.367839
7	19	-0.51348
7	20	-0.565002
7	21	0.369573
7	22	0.803424
7	23	0.741814
7	24	0.0284368
7	25	0.34526
7	26	0.475736
7	27	1.04963
7	28	-0.699274
7	29	-0.57208
7	30	0.566873
7	31	-0.501799
7	32	0.713546
7	33	1.22146
7	34	-2.53983
7	35	-0.481668
7	36	1.29028
7	37	0.460475
8	1	-0.429806
8	2	0.0196249
8	3	0.297951
8	4	0.228407
8	5	0.405083
8	6	0.34312
8	7	-0.139862
8	8	0.157858
8	9	0.238965
8	10	0.369085
8	11	0.110964
8	12	0.383688
8	13	0.510244
8	14	0.349091
8	15	0.359002
8	16	0.211045
8	17	-0.00402858
8	18	0.207315
8	19	-0.167302
8	20	0.865318
8	21	0.485952
8	22	0.913618
8	23	0.101397
8	24	0.92267
8	25	-0.377171
8	26	0.252174
8	27	1.15281
8	28	0.941678
8	29	-1.17604
8	30	0.99131
8	31	-1.27882
8	32	0.787812
8	33	0.599232
8	34	-0.43859
8	35	-0.151666
8	36	0.512021
8	37	0.902687
9	1	-1.40544
9	2	-0.123774
9	3	0.110583
9	4	-0.265436
9	5	-0.132393
9	6	0.411343
9	7	-0.0956289
9	8	-0.290427
9	9	0.436618
9	10	0.651192
9	11	0.413977
9	12	0.310542
9	13	0.0321011
9	14	0.617431
9	15	0.213843
9	16	0.619721
9	17	0.655742
9	18	0.144433
9	19	0.8633
9	20	0.0607069
9	21	0.980824
9	22	0.267963
9	23	-0.454812
9	24	0.0667109
9	25	1.1459
9	26	0.925264
9	27	-0.161849
9	28	0.0296972
9	29	1.2903
9	30	-0.256762
9	31	0.0601657
9	32	1.45356
9	33	0.813532
9	34	0.943401
9	35	1.81791
9	36	-0.126136
9	37	1.89012
10	1	0.412953
10	2	0.376258
10	3	0.343295
10	4	0.582578
10	5	0.109455
10	6	0.504083
10	7	0.212173
10	8	-0.052569
10	9	0.347689
10	10	0.603749
10	11	-0.0510942
10	12	0.65366
10	13	0.51756
10	14	0.732581
10	15	-0.342668
10	16	-0.01463
10	17	1.04011
10	18	0.640798
10	19	0.628583
10	20	0.238316
10	21	1.02221
10	22	0.753494
10	23	-1.11431
10	24	-0.844447
10	25	1.4972
10	26	0.563527
10	27	0.666233
10	28	0.753259
10	29	1.18075
10	30	1.2441
10	31	1.1732
10	32	-0.0295973
10	33	0.469399
10	34	1.83653
10	35	2.69399
10	36	0.345389
10	37	1.52755
11	1	0.0836539
11	2	0.0717786
11	3	0.027756
11	4	-0.0668685
11	5	-0.173133
11	6	0.313357
11	7	-0.0270437
11	8	0.22147
11	9	-0.0180086
11	10	0.359196
11	11	0.174549
11	12	0.497045
11	13	0.170939
11	14	-0.704775
11	15	0.537919
11	16	-0.336113
11	17	0.365882
11	18	-0.047431
11	19	-0.422362
11	20	-0.329735
11	21	0.0745812
11	22	0.226931
11	23	-0.238574
11	24	0.520713
11	25	0.156538
11	26	0.447237
11	27	1.2607
11	28	-0.0566546
11	29	0.28008
11	30	-0.94573
11	31	1.59688
11	32	0.080953
11	33	-1.13606
11	34	-0.637147
11	35	1.90337
11	36	-0.575167
11	37	1.77899
12	1	-0.489778
12	2	0.0404919
12	3	0.224177
12	4	-0.068793
12	5	0.429342
12	6	0.234151
12	7	0.0616238
12	8	0.131455
12	9	-0.0471572
12	10	0.277269
12	11	-0.359403
12	12	0.140563
12	13	0.158469
12	14	0.0852092
12	15	0.298827
12	16	0.30449
12	17	0.177868
12	18	0.272607
12	19	0.663675
12	20	-0.416203
12	21	0.805848
12	22	0.423339
12	23	0.297649
12	24	0.955962
12	25	-1.43821
12	26	0.121259
12	27	0.786383
12	28	0.715595
12	29	0.0283151
12	30	-1.0879
12	31	0.406736
12	32	1.48115
12	33	0.546881
12	34	0.205833
12	35	1.15698
12	36	1.55624
12	37	-1.54974
13	1	0.477343
13	2	0.110883
13	3	0.195447
13	4	-0.375223
13	5	0.0954007
13	6	0.0299935
13	7	0.0370087
13	8	0.0411745
13	9	0.0414477
13	10	0.130339
13	11	0.277817
13	12	-0.0452221
13	13	0.142518
13	14	-0.287257
13	15	-0.280324
13	16	0.919201
13	17	0.373009
13	18	-0.306801
13	19	-0.641942
13	20	-0.654643
13	21	0.212873
13	22	-1.3085
13	23	0.982573
13	24	1.43336
13	25	0.0356038
13	26	-1.36995
13	27	-0.410574
13	28	-1.25374
13	29	1.41758
13	30	0.136068
13	31	1.3326
13	32	1.70837
13	33	2.07739
13	34	-0.325911
13	35	1.0597
13	36	1.63407
13	37	0.847122
14	1	0.182602
14	2	0.312746
14	3	0.267716
14	4	0.0458152
14	5	0.269289
14	6	0.296399
14	7	-0.00344467
14	8	-0.0634718
14	9	0.433632
14	10	0.375457
14	11	0.0584879
14	12	0.534989
14	13	0.621811
14	14	0.417518
14	15	-0.0276774
14	16	0.128849
14	17	0.0418852
14	18	0.783522
14	19	0.273561
14	20	1.00302
14	21	0.269005
14	22	-0.526223
14	23	0.925482
14	24	0.416693
14	25	-0.508017
14	26	1.43009
14	27	1.21708
14	28	0.115681
14	29	-0.820161
14	30	1.55136
14	31	-0.839545
14	32	-1.06705
14	33	1.40764
14	34	0.787631
14	35	2.21361
14	36	-0.0542358
14	37	1.86366
15	1	-0.0690817
15	2	-0.0559406
15	3	-0.330574
15	4	-0.175969
15	5	-0.14372
15	6	-0.0181816
15	7	0.0322841
15	8	0.322861
15	9	0.0427764
15	10	0.359706
15	11	0.32093
15	12	0.497573
15	13	0.309191
15	14	-0.283459
15	15	-0.0506341
15	16	-1.07395
15	17	0.573036
15	18	0.0876248
15	19	-1.35093
15	20	-0.321463
15	21	-0.469275
15	22	0.0394133
15	23	-0.0333592
15	24	0.601136
15	25	0.23289
15	26	0.386189
15	27	-0.528785
15	28	-0.113252
15	29	1.65031
15	30	0.269209
15	31	0.11188
15	32	-1.23797
15	33	-0.167961
15	34	1.37658
15	35	0.384428
15	36	1.93312
15	37	-0.754509
16	1	0.582145
16	2	0.406866
16	3	0.0409103
16	4	0.366349
16	5	0.0180936
16	6	0.295015
16	7	0.33784
16	8	0.22167
16	9	0.201053
16	10	0.642357
16	11	0.541591
16	12	0.442884
16	13	0.619675
16	14	0.594032
16	15	0.528735
16	16	0.164862
16	17	-0.888445
16	18	0.632249
16	19	0.817993
16	20	-1.2462
16	21	-0.560746
16	22	-0.495565
16	23	0.318435
16	24	0.237559
16	25	-0.827205
16	26	0.275889
16	27	1.38508
16	28	1.34181
16	29	2.07332
16	30	0.720528
16	31	-0.204842
16	32	-1.47506
16	33	-0.617855
16	34	1.58864
16	35	0.563992
16	36	-0.290568
16	37	-1.18716
17	1	0.700237
17	2	0.0905252
17	3	-0.0151721
17	4	-0.00673466
17	5	0.26444
17	6	0.161981
17	7	0.295524
17	8	0.269459
17	9	0.205119
17	10	0.191797
17	11	0.50504
17	12	0.0970617
17	13	0.40189
17	14	0.462953
17	15	0.852237
17	16	0.485593
17	17	0.655084
17	18	0.791661
17	19	-0.464444
17	20	-0.646939
17	21	-1.05569
17	22	0.146682
17	23	0.980733
17	24	-0.352178
17	25	0.87774
17	26	0.830023
17	27	1.68327
17	28	1.27653
17	29	1.71304
17	30	0.97304
17	31	-2.36442
17	32	1.38736
17	33	1.81787
17	34	1.66808
17	35	2.29207
17	36	1.89983
17	37	-1.42237
18	1	0.539475
18	2	0.343631
18	3	0.20288
18	4	0.388111
18	5	0.0792769
18	6	0.274392
18	7	0.410515
18	8	0.265696
18	9	0.178402
18	10	0.476363
18	11	0.703287
18	12	0.242439
18	13	0.734073
18	14	0.321141
18	15	0.485894
18	16	0.337981
18	17	0.192438
18	18	0.280789
18	19	-0.596758
18	20	0.0604882
18	21	0.0511784
18	22	0.714023
18	23	0.852943
18	24	0.527721
18	25	0.874585
18	26	1.43635
18	27	0.276325
18	28	0.37335
18	29	-0.738315
18	30	0.869913
18	31	-1.33933
18	32	1.39938
18	33	1.54742
18	34	1.72665
18	35	1.73459
18	36	1.51028
18	37	0.934447
19	1	0.813012
19	2	0.270776
19	3	0.182847
19	4	0.565656
19	5	0.325117
19	6	0.405336
19	7	0.204241
19	8	0.21041
19	9	0.275364
19	10	0.56269
19	11	0.393729
19	12	0.466416
19	13	0.663582
19	14	-0.198191
19	15	0.388522
19	16	0.41204
19	17	0.57781
19	18	0.695126
19	19	0.562681
19	20	0.543363
19	21	-0.194717
19	22	1.04788
19	23	1.19677
19	24	-0.607759
19	25	1.19177
19	26	1.03908
19	27	-0.0247259
19	28	0.835509
19	29	0.735035
19	30	0.941739
19	31	-0.668444
19	32	0.574793
19	33	0.71836
19	34	-1.49052
19	35	0.1359
19	36	-0.914238
19	37	0.765577
20	1	0.471023
20	2	0.258732
20	3	0.200832
20	4	0.461816
20	5	0.11801
20	6	0.201902
20	7	0.302306
20	8	0.153302
20	9	0.0271873
20	10	0.411803
20	11	0.505365
20	12	0.360774
20	13	0.097579
20	14	0.320117
20	15	0.538118
20	16	0.634074
20	17	0.508446
20	18	0.0582696
20	19	0.0201281
20	20	-0.853062
20	21	0.328176
20	22	0.996478
20	23	0.139276
20	24	0.188974
20	25	-0.68257
20	26	0.432872
20	27	0.517824
20	28	0.814087
20	29	0.562914
20	30	-1.95302
20	31	0.732579
20	32	-0.707558
20	33	0.548124
20	34	0.583393
20	35	0.681928
20	36	-2.45605
20	37	1.63307
21	1	0.194925
21	2	-0.515099
21	3	0.00659835
21	4	-0.39224
21	5	-0.347289
21	6	0.133629
21	7	-0.155355
21	8	-0.132226
21	9	0.123813
21	10	0.59697
21	11	0.289606
21	12	0.158701
21	13	0.312843
21	14	0.185157
21	15	-0.224587
21	16	-0.256171
21	17	0.641184
21	18	-0.155046
21	19	-0.192288
21	20	-0.997861
21	21	-0.857798
21	22	0.708333
21	23	-0.332999
21	24	0.399588
21	25	1.03567
21	26	-0.702235
21	27	-0.711527
21	28	-0.840158
21	29	-0.700729
21	30	-0.224942
21	31	1.29952
21	32	1.27321
21	33	1.00019
21	34	0.939743
21	35	0.125756
21	36	1.58644
21	37	1.41023
22	1	0.440283
22	2	-0.297129
22	3	-0.257623
22	4	-0.528649
22	5	-0.3788
22	6	-0.513358
22	7	-0.414323
22	8	-0.0200361
22	9	-0.478946
22	10	-0.362572
22	11	0.31982
22	12	-0.664662
22	13	-0.0273366
22	14	-0.142625
22	15	-0.274659
22	16	-1.37762
22	17	-0.819302
22	18	-0.00800096
22	19	-1.49899
22	20	-1.59754
22	21	-2.09203
22	22	-1.13695
22	23	-0.327467
22	24	-0.813944
22	25	-0.983133
22	26	-0.455475
22	27	-1.03125
22	28	-1.52649
22	29	-0.317848
22	30	0.245016
22	31	0.638327
22	32	-0.644232
22	33	-0.188719
22	34	-0.763817
22	35	0.152321
22	36	-0.608296
22	37	-3.26689
23	1	0.330958
23	2	0.178741
23	3	-0.0577815
23	4	-0.0282489
23	5	-0.00123776
23	6	0.0635468
23	7	0.0938481
23	8	0.0887966
23	9	-0.176684
23	10	0.0768531
23	11	0.00990496
23	12	-0.0412007
23	13	0.117713
23	14	0.150185
23	15	0.453541
23	16	-1.29921
23	17	0.519889
23	18	-0.345804
23	19	-0.607297
23	20	0.146456
23	21	-0.412854
23	22	-0.0948623
23	23	0.675921
23	24	0.0737997
23	25	-0.0439198
23	26	-0.150104
23	27	-1.50198
23	28	0.00227121
23	29	-1.23421
23	30	-0.118813
23	31	0.947193
23	32	1.89846
23	33	0.952446
23	34	-1.17844
23	35	0.635939
23	36	1.35023
23	37	0.0849373
24	1	-0.148862
24	2	0.0373927
24	3	0.0617241
24	4	0.0239694
24	5	-0.0539903
24	6	-0.00622325
24	7	0.138235
24	8	-0.130682
24	9	-0.222868
24	10	0.128278
24	11	-0.270125
24	12	0.0241976
24	13	0.118031
24	14	-0.195033
24	15	0.436961
24	16	0.337397
24	17	0.238887
24	18	0.221737
24	19	-0.538148
24	20	-0.381064
24	21	0.203236
24	22	-0.0384666
24	23	-0.303392
24	24	-1.25185
24	25	0.347347
24	26	-0.113732
24	27	-0.312702
24	28	0.0297755
24	29	1.17881
24	30	1.08391
24	31	-1.13798
24	32	0.920215
24	33	1.11314
24	34	1.0221
24	35	-1.13421
24	36	-0.525917
24	37	1.12039
25	1	-0.10913
25	2	0.0866374
25	3	-0.44965
25	4	-0.102745
25	5	-0.00910066
25	6	-0.0256669
25	7	0.105071
25	8	-0.130457
25	9	9.69883e-05
25	10	-0.103994
25	11	-0.305082
25	12	0.0834969
25	13	0.00739681
25	14	-0.332543
25	15	0.0408392
25	16	0.0307272
25	17	-0.195904
25	18	0.303323
25	19	0.23148
25	20	-0.158752
25	21	0.122597
25	22	-0.6371
25	23	-0.223911
25	24	-0.1137
25	25	-0.0257074
25	26	0.933397
25	27	0.133299
25	28	0.0759271
25	29	-1.70111
25	30	-1.30309
25	31	-1.83547
25	32	1.13895
25	33	0.161989
25	34	0.721259
25	35	-1.25183
25	36	-0.442582
25	37	0.620757
26	1	-0.332937
26	2	-0.405281
26	3	-0.229003
26	4	-0.477454
26	5	-0.221683
26	6	-0.489154
26	7	-0.16046
26	8	-0.0470615
26	9	-0.305056
26	10	-0.129503
26	11	-0.506267
26	12	-0.000257885
26	13	-0.167015
26	14	-0.516729
26	15	-0.201968
26	16	-0.757528
26	17	-0.198826
26	18	-0.20276
26	19	-0.403413
26	20	-0.200595
26	21	-0.0750181
26	22	-0.255403
26	23	-0.426498
26	24	-0.390183
26	25	0.279138
26	26	-1.66273
26	27	-0.742556
26	28	-1.15825
26	29	-0.0990581
26	30	0.318052
26	31	-0.954078
26	32	-1.40216
26	33	-0.339327
26	34	-0.509212
26	35	0.111398
26	36	0.0130801
26	37	1.09101
27	1	-0.300662
27	2	-0.3055
27	3	-0.0726337
27	4	-0.012019
27	5	0.163278
27	6	-0.119417
27	7	-0.0118643
27	8	-0.0316672
27	9	0.142234
27	10	0.244797
27	11	-0.0329042
27	12	0.150029
27	13	0.192881
27	14	0.299513
27	15	0.325113
27	16	0.330122
27	17	-0.0457028
27	18	-0.327726
27	19	-0.0346495
27	20	0.325119
27	21	-0.778613
27	22	-0.957665
27	23	0.528105
27	24	-1.45846
27	25	0.274696
27	26	0.173317
27	27	0.450839
27	28	0.601129
27	29	-0.737402
27	30	0.267478
27	31	-0.282041
27	32	-0.697744
27	33	-1.0366
27	34	-1.39366
27	35	0.882243
27	36	-1.12605
27	37	1.51894
28	1	-0.558514
28	2	-0.359236
28	3	-0.302561
28	4	-0.215861
28	5	0.105361
28	6	0.0967266
28	7	-0.428131
28	8	-0.208825
28	9	-0.33903
28	10	0.238905
28	11	-0.11561
28	12	-0.494425
28	13	0.00905148
28	14	0.197803
28	15	-0.567176
28	16	-1.01506
28	17	-0.465636
28	18	-0.0717417
28	19	-0.571225
28	20	0.0196594
28	21	-0.086928
28	22	-0.601324
28	23	0.221617
28	24	0.158461
28	25	-0.809018
28	26	-0.441667
28	27	-1.0799
28	28	-1.85533
28	29	-1.12027
28	30	-0.422697
28	31	-1.38652
28	32	-0.429077
28	33	-0.495321
28	34	-1.53906
28	35	-0.277947
28	36	-2.92867
28	37	-1.83017
29	1	-0.41751
29	2	-0.403077
29	3	-0.270462
29	4	-0.730607
29	5	0.0579549
29	6	-0.160831
29	7	-0.0980366
29	8	0.0352566
29	9	-0.0417346
29	10	-0.459917
29	11	0.0194036
29	12	-0.29498
29	13	0.153215
29	14	0.110023
29	15	0.23342
29	16	0.226574
29	17	0.386958
29	18	0.104703
29	19	-0.954623
29	20	-0.247095
29	21	0.492757
29	22	0.586897
29	23	0.575269
29	24	0.320782
29	25	-0.259518
29	26	0.98176
29	27	-0.207756
29	28	-0.125613
29	29	0.688587
29	30	-0.401861
29	31	0.496816
29	32	-0.298559
29	33	-0.0744196
29	34	-1.67149
29	35	-0.348111
29	36	-3.23534
29	37	-1.49372
30	1	0.0150853
30	2	0.0295185
30	3	0.0997596
30	4	0.23217
30	5	-0.0647815
30	6	-0.0350762
30	7	-0.0286201
30	8	0.139884
30	9	0.0900561
30	10	-0.19533
30	11	-0.103333
30	12	0.417294
30	13	0.106938
30	14	0.319279
30	15	0.424567
30	16	0.623958
30	17	0.484543
30	18	-0.259482
30	19	-0.354019
30	20	-0.0881408
30	21	-0.60181
30	22	0.481263
30	23	0.813699
30	24	-1.17218
30	25	1.0775
30	26	0.603491
30	27	0.335504
30	28	0.0011478
30	29	0.107098
30	30	-0.460211
30	31	0.496816
30	32	-0.637593
30	33	-0.899369
30	34	0.345612
30	35	0.67704
30	36	-0.964721
30	37	-1.60237
31	1	0.566107
31	2	0.472886
31	3	0.32052
31	4	-0.147142
31	5	0.377154
31	6	-0.438659
31	7	0.308626
31	8	-0.217895
31	9	0.356892
31	10	0.0386325
31	11	0.211587
31	12	0.641708
31	13	0.322113
31	14	0.214553
31	15	0.188929
31	16	0.602993
31	17	-0.325572
31	18	0.23673
31	19	-0.510967
31	20	0.759054
31	21	0.666908
31	22	0.190507
31	23	0.727078
31	24	0.290997
31	25	0.436668
31	26	0.331517
31	27	-0.0436957
31	28	-0.410469
31	29	0.373964
31	30	0.383523
31	31	-1.13862
31	32	0.415111
31	33	-0.666967
31	34	1.38353
31	35	1.09715
31	36	-1.18616
31	37	-0.386716
32	1	0.625263
32	2	0.156259
32	3	0.213216
32	4	-0.243418
32	5	0.11586
32	6	-0.0465874
32	7	0.192099
32	8	0.355272
32	9	0.238443
32	10	0.360454
32	11	0.233265
32	12	0.293599
32	13	0.607937
32	14	-0.00420612
32	15	-0.101172
32	16	-0.528631
32	17	-0.0625215
32	18	0.678048
32	19	0.490723
32	20	1.11576
32	21	0.310042
32	22	1.13315
32	23	0.751428
32	24	0.455481
32	25	0.528195
32	26	0.631981
32	27	0.373679
32	28	0.690974
32	29	0.206251
32	30	-1.16641
32	31	0.371889
32	32	0.407815
32	33	0.572277
32	34	1.0242
32	35	-0.851457
32	36	-0.888269
32	37	0.957897
33	1	0.551218
33	2	0.117091
33	3	0.138885
33	4	-0.268584
33	5	-0.2585
33	6	-0.0875668
33	7	0.0849965
33	8	-0.0099664
33	9	-0.0868692
33	10	0.458911
33	11	-0.297528
33	12	0.447604
33	13	0.170681
33	14	-0.0555753
33	15	-0.492757
33	16	0.533244
33	17	-1.60032
33	18	0.401064
33	19	0.634883
33	20	0.526311
33	21	0.556323
33	22	0.577469
33	23	0.505154
33	24	-1.17324
33	25	0.255856
33	26	0.191307
33	27	-0.315452
33	28	0.301523
33	29	1.01931
33	30	-1.3484
33	31	-1.4751
33	32	1.05378
33	33	0.198618
33	34	0.394381
33	35	0.322319
33	36	-0.239782
33	37	0.869743
34	1	0.562147
34	2	-0.475098
34	3	-0.784099
34	4	0.226849
34	5	-0.550176
34	6	0.169324
34	7	0.158193
34	8	-0.570486
34	9	0.0783909
34	10	0.540386
34	11	0.161843
34	12	0.504351
34	13	-0.106251
34	14	0.00239628
34	15	0.232185
34	16	0.158428
34	17	0.570121
34	18	0.219139
34	19	0.122937
34	20	-0.807806
34	21	0.928009
34	22	1.09481
34	23	1.20122
34	24	-0.330332
34	25	1.03761
34	26	1.10479
34	27	0.764828
34	28	-1.44966
34	29	0.162711
34	30	0.919093
34	31	-0.00228462
34	32	1.02796
34	33	1.4233
34	34	0.595253
34	35	1.89218
34	36	0.436938
34	37	-0.884352
35	1	0.304557
35	2	-0.330796
35	3	-0.509565
35	4	0.216007
35	5	-0.737833
35	6	0.180136
35	7	-0.430308
35	8	-0.498582
35	9	-0.0111338
35	10	0.563821
35	11	0.32358
35	12	0.51426
35	13	0.389767
35	14	0.163783
35	15	-0.0681243
35	16	0.394795
35	17	0.696584
35	18	0.505412
35	19	0.547429
35	20	-0.140688
35	21	0.884219
35	22	0.730667
35	23	0.704201
35	24	0.41888
35	25	0.977381
35	26	0.755402
35	27	0.28868
35	28	0.13577
35	29	1.2343
35	30	0.347909
35	31	0.0324935
35	32	-2.12188
35	33	-0.146121
35	34	1.16612
35	35	-1.16088
35	36	1.63528
35	37	-1.34719
36	1	0.648432
36	2	0.0969547
36	3	-0.0983264
36	4	-0.514029
36	5	0.259327
36	6	0.139145
36	7	-0.0278482
36	8	0.134747
36	9	0.366579
36	10	0.523549
36	11	0.372356
36	12	0.578307
36	13	0.394358
36	14	0.651702
36	15	0.570109
36	16	0.516314
36	17	0.645332
36	18	0.228666
36	19	0.32828
36	20	-0.115298
36	21	0.809317
36	22	0.595824
36	23	0.663895
36	24	0.520052
36	25	0.973819
36	26	0.770477
36	27	0.507965
36	28	0.953997
36	29	0.868878
36	30	0.223544
36	31	0.373796
36	32	-0.224674
36	33	0.715353
36	34	0.804765
36	35	0.11036
36	36	1.19739
36	37	-1.61856
37	1	0.699503
37	2	0.341462
37	3	-0.149048
37	4	-0.359686
37	5	0.23562
37	6	0.164148
37	7	0.0521729
37	8	0.151599
37	9	0.0678619
37	10	0.666146
37	11	0.645659
37	12	0.501529
37	13	0.383037
37	14	0.66532
37	15	0.620784
37	16	0.706189
37	17	0.492659
37	18	-0.0431439
37	19	0.702931
37	20	-0.698776
37	21	0.931622
37	22	0.998261
37	23	1.11766
37	24	0.707828
37	25	1.28592
37	26	0.949851
37	27	0.193865
37	28	1.3165
37	29	0.783503
37	30	-0.0733651
37	31	0.440924
37	32	-1.36972
37	33	0.349125
37	34	1.41685
37	35	1.47672
37	36	1.53354
37	37	-0.136061
38	1	-0.479885
38	2	0.157285
38	3	-0.43847
38	4	0.00882986
38	5	-0.588926
38	6	-0.362038
38	7	0.234961
38	8	0.147933
38	9	-0.206725
38	10	0.422376
38	11	-0.183816
38	12	-0.691358
38	13	0.421827
38	14	-0.0388699
38	15	0.55334
38	16	0.472046
38	17	-0.531553
38	18	0.172108
38	19	0.650005
38	20	0.461155
38	21	0.645675
38	22	0.767984
38	23	0.948508
38	24	-0.10276
38	25	0.619758
38	26	0.65178
38	27	0.468301
38	28	0.859297
38	29	0.194623
38	30	-0.169467
38	31	0.716132
38	32	-0.679847
38	33	-0.683072
38	34	-0.135273
38	35	0.544243
38	36	0.872301
38	37	0.43586
39	1	0.166733
39	2	0.304065
39	3	0.114999
39	4	0.147007
39	5	0.158701
39	6	0.0663645
39	7	-0.1151
39	8	0.179217
39	9	-0.0320289
39	10	0.325624
39	11	0.473293
39	12	-0.483465
39	13	0.371589
39	14	-0.368701
39	15	0.477926
39	16	0.638954
39	17	-0.477584
39	18	0.524039
39	19	0.623782
39	20	-0.0147971
39	21	0.942765
39	22	0.141357
39	23	0.571088
39	24	0.121955
39	25	0.988901
39	26	0.242229
39	27	0.876193
39	28	0.695441
39	29	-0.221488
39	30	-0.557747
39	31	0.781005
39	32	0.195368
39	33	-1.69977
39	34	-0.6956
39	35	0.26111
39	36	0.788
39	37	1.30037
40	1	0.211815
40	2	-0.0975739
40	3	0.154958
40	4	0.24127
40	5	0.231447
40	6	-0.00740604
40	7	-0.506493
40	8	0.167946
40	9	-0.580185
40	10	0.158615
40	11	0.241736
40	12	-0.0531372
40	13	0.44331
40	14	-0.052103
40	15	0.382639
40	16	-0.640759
40	17	-0.0933628
40	18	-0.220838
40	19	0.411692
40	20	-0.0906167
40	21	-0.670965
40	22	0.224349
40	23	0.500391
40	24	-0.508168
40	25	-0.0192955
40	26	0.631573
40	27	0.303447
40	28	0.428023
40	29	-1.03296
40	30	0.279343
40	31	0.300472
40	32	-0.0331158
40	33	-1.23359
40	34	-0.02142
40	35	-1.04934
40	36	-0.856467
40	37	0.413079
41	1	0.449338
41	2	0.205589
41	3	0.0130518
41	4	0.267215
41	5	0.302391
41	6	0.0842122
41	7	0.0284583
41	8	0.170954
41	9	0.0978792
41	10	0.209514
41	11	0.383426
41	12	0.155069
41	13	-0.101474
41	14	0.266247
41	15	0.559992
41	16	-0.570079
41	17	0.505708
41	18	-0.502121
41	19	0.422004
41	20	0.315038
41	21	-0.748371
41	22	-0.215729
41	23	0.473669
41	24	-0.872773
41	25	0.489414
41	26	0.301341
41	27	-0.224564
41	28	0.411613
41	29	0.440017
41	30	-1.42405
41	31	-0.302202
41	32	0.129877
41	33	-0.775511
41	34	-0.560999
41	35	-1.00284
41	36	-0.950647
41	37	-0.728033
42	1	-0.696473
42	2	-0.726588
42	3	0.148831
42	4	0.523306
42	5	-0.144807
42	6	0.172801
42	7	-0.170403
42	8	0.0965713
42	9	-0.562689
42	10	0.396056
42	11	0.38726
42	12	0.564249
42	13	-0.0478821
42	14	0.262232
42	15	0.422623
42	16	-0.00846658
42	17	0.37641
42	18	-0.256764
42	19	0.485396
42	20	0.45094
42	21	0.528104
42	22	0.0136673
42	23	0.413556
42	24	-0.573302
42	25	0.670664
42	26	-0.301327
42	27	0.736513
42	28	0.364711
42	29	0.472568
42	30	-0.00830551
42	31	0.36863
42	32	0.490654
42	33	0.0723431
42	34	-0.041497
42	35	-1.08867
42	36	-0.173626
42	37	-1.10818
43	1	-0.515472
43	2	-0.835819
43	3	0.0791301
43	4	0.177166
43	5	0.328008
43	6	0.107082
43	7	-0.0818517
43	8	0.156902
43	9	-0.165226
43	10	0.154525
43	11	0.320942
43	12	0.548422
43	13	-0.553272
43	14	0.133598
43	15	0.264991
43	16	0.309161
43	17	0.56957
43	18	0.457934
43	19	0.616399
43	20	0.449311
43	21	0.530332
43	22	-0.237968
43	23	0.268247
43	24	0.313304
43	25	-0.201665
43	26	0.0107183
43	27	0.681747
43	28	0.16633
43	29	0.157767
43	30	-1.01213
43	31	0.30206
43	32	-0.0611708
43	33	-1.49328
43	34	-0.0611913
43	35	-0.951926
43	36	-0.686064
43	37	-1.47569
44	1	0.205788
44	2	0.0109723
44	3	-0.0769012
44	4	-0.200269
44	5	-0.24324
44	6	-0.255116
44	7	-0.00872347
44	8	-0.180897
44	9	-0.268046
44	10	0.235219
44	11	0.0566464
44	12	0.215004
44	13	-0.0921887
44	14	0.0758503
44	15	0.244862
44	16	0.307589
44	17	0.0564684
44	18	0.191349
44	19	0.163801
44	20	0.280225
44	21	0.420224
44	22	0.192406
44	23	0.0510782
44	24	0.470859
44	25	0.167481
44	26	-0.527419
44	27	0.349614
44	28	0.281868
44	29	0.648088
44	30	-0.142125
44	31	0.692528
44	32	0.262509
44	33	-0.186876
44	34	-0.917936
44	35	-0.592072
44	36	0.254008
44	37	0.535669
45	1	0.290256
45	2	0.366529
45	3	0.245885
45	4	0.231731
45	5	-0.35497
45	6	-0.0934042
45	7	-0.303593
45	8	0.0943268
45	9	0.110572
45	10	-0.0998418
45	11	0.430672
45	12	-0.236674
45	13	-0.15044
45	14	0.359393
45	15	0.495814
45	16	0.47409
45	17	0.560334
45	18	0.33737
45	19	-0.263458
45	20	0.517251
45	21	0.385475
45	22	-0.0318233
45	23	-0.639048
45	24	0.463879
45	25	-0.569815
45	26	0.0529381
45	27	-0.143415
45	28	-0.196075
45	29	0.55311
45	30	-0.611161
45	31	-0.442052
45	32	-0.490021
45	33	-1.69339
45	34	-1.66574
45	35	-0.289586
45	36	-0.19785
45	37	-0.775889
46	1	0.198381
46	2	0.0564273
46	3	-0.120567
46	4	0.0267182
46	5	-0.981435
46	6	-0.121026
46	7	-0.179485
46	8	-0.110578
46	9	-0.457594
46	10	0.110274
46	11	0.00617689
46	12	-0.288799
46	13	-0.0745132
46	14	-0.297951
46	15	0.277751
46	16	0.0243074
46	17	0.313924
46	18	0.353823
46	19	0.206957
46	20	0.0518401
46	21	-0.0865925
46	22	0.0979338
46	23	-0.167161
46	24	-0.635148
46	25	0.652769
46	26	-0.36926
46	27	-0.840207
46	28	0.0432361
46	29	-0.128037
46	30	-1.12644
46	31	-0.708202
46	32	-0.723636
46	33	-1.17192
46	34	-0.867945
46	35	-0.459433
46	36	-0.377185
46	37	0.104499
47	1	0.506299
47	2	0.00720069
47	3	0.157542
47	4	0.388988
47	5	-0.0482383
47	6	-0.193622
47	7	-0.27606
47	8	-0.394257
47	9	-0.0280691
47	10	0.123418
47	11	0.175488
47	12	0.202662
47	13	0.470714
47	14	0.378916
47	15	-0.669292
47	16	0.0355458
47	17	-0.716405
47	18	-0.0382941
47	19	0.199424
47	20	0.27855
47	21	-0.587349
47	22	-0.336914
47	23	0.265669
47	24	-0.168801
47	25	0.566647
47	26	0.622965
47	27	-0.117034
47	28	-0.0904525
47	29	0.402165
47	30	0.337688
47	31	0.196585
47	32	-2.07214
47	33	-2.95665
47	34	-3.8992
47	35	-1.90597
47	36	-4.16548
47	37	-0.6994
48	1	-1.27986
48	2	0.0771734
48	3	-0.131062
48	4	-0.713231
48	5	-0.179252
48	6	-0.358497
48	7	-0.918773
48	8	-0.423761
48	9	-0.47577
48	10	-0.061793
48	11	-0.168614
48	12	-1.33432
48	13	0.121566
48	14	-0.612605
48	15	-0.871594
48	16	0.432216
48	17	0.197451
48	18	0.205578
48	19	0.0125382
48	20	0.232733
48	21	0.160316
48	22	-0.194522
48	23	0.491283
48	24	-0.140602
48	25	0.283609
48	26	0.264726
48	27	-2.0525
48	28	-0.492847
48	29	0.276527
48	30	0.305216
48	31	-0.919002
48	32	0.421257
48	33	-0.60967
48	34	-0.826985
48	35	0.209733
48	36	-2.35445
48	37	0.420239
49	1	-0.269363
49	2	0.0315265
49	3	-0.266925
49	4	0.0667804
49	5	0.091443
49	6	-0.18273
49	7	0.0770117
49	8	-0.363246
49	9	-0.236254
49	10	-0.364746
49	11	-0.294584
49	12	-0.495904
49	13	-0.132845
49	14	-0.515391
49	15	-0.147681
49	16	-0.448251
49	17	0.266596
49	18	0.543788
49	19	0.204931
49	20	0.219112
49	21	0.830644
49	22	0.283199
49	23	-1.8888
49	24	-0.978644
49	25	0.867405
49	26	-0.0221656
49	27	-2.08967
49	28	-1.44581
49	29	-0.188693
49	30	-0.260412
49	31	-1.91128
49	32	-1.59077
49	33	-1.21383
49	34	0.0399615
49	35	0.993097
49	36	0.645025
49	37	0.392592
50	1	-0.187529
50	2	-0.0753263
50	3	-0.547763
50	4	-0.266306
50	5	-0.289334
50	6	-0.0817462
50	7	-0.0594023
50	8	-0.177217
50	9	-0.494582
50	10	0.212434
50	11	-0.938418
50	12	-0.34194
50	13	-0.0903311
50	14	-0.975446
50	15	-0.265131
50	16	-1.52363
50	17	-0.243735
50	18	-0.167648
50	19	-0.488642
50	20	-0.307741
50	21	-0.286276
50	22	-0.849906
50	23	-0.0718276
50	24	-0.596325
50	25	-0.598631
50	26	-0.204586
50	27	-0.52426
50	28	-0.045827
50	29	-1.79349
50	30	-0.548377
50	31	-1.44134
50	32	-1.88661
50	33	-0.874465
50	34	-1.86743
50	35	0.589302
50	36	0.144643
50	37	-1.16551
51	1	-2.06346
51	2	0.0734221
51	3	0.211576
51	4	-0.511751
51	5	0.193286
51	6	-0.497392
51	7	0.0972963
51	8	0.0282721
51	9	0.0784747
51	10	-0.154646
51	11	0.665221
51	12	0.0805859
51	13	0.388543
51	14	0.58464
51	15	0.205795
51	16	0.472513
51	17	0.137307
51	18	0.501196
51	19	0.806617
51	20	0.687429
51	21	-0.318786
51	22	0.671387
51	23	-1.61272
51	24	0.280917
51	25	0.810009
51	26	0.939184
51	27	0.209284
51	28	-0.390014
51	29	0.0752645
51	30	0.206541
51	31	-1.36316
51	32	-0.125748
51	33	0.914156
51	34	-0.916516
51	35	0.89503
51	36	-0.0349078
51	37	-0.33352
52	1	-1.33857
52	2	-0.913677
52	3	-0.0827941
52	4	-0.547372
52	5	-0.144655
52	6	-0.63372
52	7	-0.0987286
52	8	-0.15278
52	9	-0.15523
52	10	-0.567364
52	11	0.258999
52	12	0.317734
52	13	-0.472248
52	14	0.264117
52	15	-0.18412
52	16	0.387049
52	17	0.100485
52	18	0.522545
52	19	0.627616
52	20	-1.35477
52	21	0.679629
52	22	0.391576
52	23	-0.728276
52	24	0.502218
52	25	-0.0337217
52	26	0.713024
52	27	0.517487
52	28	-0.858097
52	29	0.275548
52	30	0.563195
52	31	-1.29736
52	32	0.520289
52	33	-0.166591
52	34	0.209983
52	35	1.54253
52	36	-0.213018
52	37	0.0241105
53	1	0.120204
53	2	0.0303256
53	3	-0.277671
53	4	0.0439612
53	5	-0.0909905
53	6	-0.203927
53	7	-0.19808
53	8	-0.1569
53	9	0.0304768
53	10	-0.523101
53	11	0.13043
53	12	0.111913
53	13	0.184347
53	14	0.222917
53	15	0.47258
53	16	0.413548
53	17	0.237942
53	18	0.0147516
53	19	-0.279948
53	20	0.563464
53	21	0.652429
53	22	0.625742
53	23	0.331845
53	24	0.820103
53	25	0.635728
53	26	0.942886
53	27	0.540542
53	28	0.400438
53	29	0.0782227
53	30	1.06829
53	31	0.752392
53	32	1.07542
53	33	-0.247019
53	34	0.551489
53	35	0.908371
53	36	1.36123
53	37	-0.365817
54	1	-0.105773
54	2	-0.388734
54	3	-0.0236523
54	4	0.0163944
54	5	-0.00528384
54	6	-0.0952215
54	7	-0.158719
54	8	0.00546786
54	9	-0.104117
54	10	0.144329
54	11	0.265051
54	12	0.405429
54	13	0.26056
54	14	0.107964
54	15	-0.681455
54	16	0.318327
54	17	0.340518
54	18	-0.262569
54	19	0.589827
54	20	0.6171
54	21	0.32833
54	22	0.366717
54	23	0.691247
54	24	0.722286
54	25	1.14689
54	26	0.759091
54	27	0.966755
54	28	0.0477372
54	29	0.937925
54	30	-0.0937237
54	31	0.748696
54	32	0.724131
54	33	-2.39664
54	34	0.0331461
54	35	-1.04532
54	36	1.21557
54	37	0.602828
55	1	0.125749
55	2	-0.497297
55	3	0.2641
55	4	0.358489
55	5	-0.0954524
55	6	0.0363624
55	7	0.167314
55	8	-0.217088
55	9	-0.271187
55	10	0.0263318
55	11	0.382929
55	12	0.403158
55	13	0.345445
55	14	0.35429
55	15	0.113922
55	16	0.486086
55	17	0.566338
55	18	0.643103
55	19	-0.00851748
55	20	0.104536
55	21	-0.543185
55	22	-0.204866
55	23	0.108701
55	24	0.301588
55	25	0.872658
55	26	0.862254
55	27	0.526819
55	28	0.926924
55	29	1.01968
55	30	0.845534
55	31	0.802893
55	32	0.924978
55	33	-0.329798
55	34	0.179265
55	35	1.23135
55	36	0.145962
55	37	-2.96787
56	1	0.462383
56	2	0.0909719
56	3	0.18736
56	4	0.281919
56	5	-0.0438739
56	6	0.00404244
56	7	-0.0388552
56	8	-0.208472
56	9	0.000503481
56	10	0.317785
56	11	0.253901
56	12	0.0724835
56	13	0.110584
56	14	0.531743
56	15	0.308446
56	16	0.269203
56	17	0.406447
56	18	0.56441
56	19	-0.0463425
56	20	-1.0281
56	21	-0.261381
56	22	0.248019
56	23	0.621644
56	24	0.72479
56	25	0.389475
56	26	0.648806
56	27	0.836287
56	28	0.514565
56	29	0.1661
56	30	0.802407
56	31	1.10447
56	32	0.353583
56	33	0.559468
56	34	0.433777
56	35	0.189335
56	36	-1.04912
56	37	-1.02677
57	1	0.533516
57	2	0.0789386
57	3	0.0763517
57	4	0.105834
57	5	-0.340475
57	6	-0.213552
57	7	-0.0711711
57	8	-0.0499253
57	9	-0.850685
57	10	-0.220565
57	11	0.265043
57	12	-0.0784607
57	13	-0.156751
57	14	0.294329
57	15	0.160867
57	16	0.425548
57	17	0.163519
57	18	0.408677
57	19	-0.318834
57	20	-0.207985
57	21	-0.406321
57	22	-1.31181
57	23	0.354772
57	24	0.378963
57	25	-0.00206373
57	26	-0.0307535
57	27	-0.18362
57	28	-0.257092
57	29	0.122756
57	30	0.0907415
57	31	0.487981
57	32	0.302007
57	33	-0.599961
57	34	0.110741
57	35	-0.0414197
57	36	0.0985243
57	37	-0.00861223
58	1	0.323224
58	2	0.166522
58	3	0.261446
58	4	0.358442
58	5	0.0149874
58	6	0.145983
58	7	0.136619
58	8	-0.0325261
58	9	0.157926
58	10	0.257038
58	11	0.343693
58	12	-0.0734285
58	13	0.148693
58	14	0.599207
58	15	0.677346
58	16	0.558478
58	17	0.282768
58	18	0.898901
58	19	-0.465251
58	20	0.232563
58	21	-0.143894
58	22	-1.70409
58	23	-0.0778094
58	24	0.0068475
58	25	-0.238804
58	26	0.0684254
58	27	0.639185
58	28	-0.423931
58	29	0.73091
58	30	-0.0574737
58	31	-0.994184
58	32	0.276317
58	33	-1.02143
58	34	-0.149795
58	35	-1.62709
58	36	0.170715
58	37	0.418218
59	1	-1.54521
59	2	0.0239003
59	3	-0.0273894
59	4	0.117339
59	5	-0.165944
59	6	-0.12763
59	7	-0.174044
59	8	-0.303667
59	9	-0.303093
59	10	-0.0827057
59	11	-0.579127
59	12	0.056042
59	13	-0.371932
59	14	0.133212
59	15	0.377622
59	16	0.465677
59	17	-0.657746
59	18	-0.547336
59	19	-0.344185
59	20	-1.18357
59	21	-1.40948
59	22	-0.414348
59	23	0.166239
59	24	0.172145
59	25	0.104303
59	26	0.0220775
59	27	0.376509
59	28	0.215752
59	29	0.207273
59	30	-0.285357
59	31	-0.0671451
59	32	-0.53512
59	33	-0.701537
59	34	-0.0957178
59	35	-0.843534
59	36	-0.64965
59	37	-0.320271
60	1	-0.414339
60	2	0.250956
60	3	0.040282
60	4	0.229612
60	5	0.250111
60	6	-0.223224
60	7	0.184744
60	8	0.115325
60	9	-0.29375
60	10	-0.0880147
60	11	-0.0535495
60	12	0.458207
60	13	0.400316
60	14	0.093146
60	15	-0.978177
60	16	0.47214
60	17	-0.0843699
60	18	0.283005
60	19	0.750871
60	20	-0.4465
60	21	-0.923504
60	22	0.22916
60	23	-0.454719
60	24	0.422919
60	25	-1.26326
60	26	0.614181
60	27	-0.575139
60	28	0.181089
60	29	-0.916263
60	30	-0.0678216
60	31	-0.15991
60	32	-0.267341
60	33	-0.483191
60	34	-0.951084
60	35	0.790189
60	36	0.510781
60	37	-0.824057
61	1	-0.870701
61	2	-0.0441471
61	3	0.00343002
61	4	0.0796898
61	5	0.0526498
61	6	-0.81876
61	7	-0.0661934
61	8	-0.238635
61	9	-0.296437
61	10	0.151809
61	11	0.143309
61	12	0.155475
61	13	-0.0598707
61	14	0.0388074
61	15	0.0503465
61	16	0.0336709
61	17	-0.473516
61	18	-0.0350543
61	19	0.607214
61	20	-0.802358
61	21	-0.827787
61	22	0.620746
61	23	-2.14273
61	24	-0.289776
61	25	-0.671661
61	26	0.134284
61	27	-1.18617
61	28	-0.179014
61	29	0.184744
61	30	0.117279
61	31	0.0789921
61	32	0.694755
61	33	-1.17281
61	34	-1.08933
61	35	0.454031
61	36	-1.71845
61	37	-0.536927
62	1	0.305352
62	2	0.010807
62	3	0.0688957
62	4	-0.100485
62	5	0.137909
62	6	0.146297
62	7	0.257988
62	8	0.0498187
62	9	0.029269
62	10	-0.268002
62	11	-0.118058
62	12	0.248725
62	13	0.0820591
62	14	0.173643
62	15	0.491808
62	16	0.192225
62	17	-0.628066
62	18	-0.240712
62	19	0.413626
62	20	0.272543
62	21	0.217806
62	22	-1.17511
62	23	-0.8987
62	24	0.353583
62	25	0.89431
62	26	1.01752
62	27	-0.692033
62	28	0.302301
62	29	-1.1732
62	30	0.473516
62	31	-0.0657582
62	32	0.20915
62	33	-0.678639
62	34	0.349596
62	35	-1.88433
62	36	0.572444
62	37	0.0253405
63	1	0.422433
63	2	-0.485586
63	3	-0.0895333
63	4	-0.340351
63	5	-0.166781
63	6	-0.0240677
63	7	0.0470767
63	8	-0.192917
63	9	-0.311168
63	10	-0.163941
63	11	0.0644207
63	12	0.426573
63	13	-0.0574782
63	14	0.0969239
63	15	0.312878
63	16	-0.336903
63	17	-1.46283
63	18	-1.03779
63	19	0.406075
63	20	-0.866049
63	21	0.18136
63	22	0.23227
63	23	-0.949347
63	24	-0.247754
63	25	0.772409
63	26	0.517681
63	27	0.401518
63	28	0.496119
63	29	-1.1437
63	30	0.410725
63	31	0.065365
63	32	0.39986
63	33	-0.256182
63	34	0.493273
63	35	-1.55565
63	36	-0.0913306
63	37	-0.835351
64	1	0.0904045
64	2	-0.0618122
64	3	-0.120784
64	4	0.0628072
64	5	-0.10835
64	6	-0.372768
64	7	-0.0291405
64	8	-0.106785
64	9	-0.274708
64	10	-0.01194
64	11	0.0804509
64	12	0.0918812
64	13	-0.137208
64	14	-0.205346
64	15	0.213886
64	16	-0.161174
64	17	-0.290169
64	18	0.138751
64	19	0.0531912
64	20	-0.146036
64	21	0.183734
64	22	-1.40187
64	23	0.00138748
64	24	-1.66413
64	25	0.29825
64	26	0.340377
64	27	0.0559906
64	28	-0.0256024
64	29	-1.16291
64	30	-0.596399
64	31	-0.401514
64	32	0.000865215
64	33	-2.84849
64	34	0.424687
64	35	-1.35968
64	36	-0.582675
64	37	0.331776
65	1	0.178759
65	2	-0.192752
65	3	-0.209011
65	4	0.0232814
65	5	-0.0629909
65	6	-0.204774
65	7	-0.0295122
65	8	-0.264289
65	9	-0.117719
65	10	-0.0403751
65	11	0.0584113
65	12	0.056146
65	13	-1.08821
65	14	0.140173
65	15	-0.486801
65	16	-0.811485
65	17	0.249358
65	18	-0.53797
65	19	-0.766406
65	20	0.0446117
65	21	0.509246
65	22	-0.208511
65	23	0.284442
65	24	0.267645
65	25	-0.241466
65	26	-0.363196
65	27	-1.53515
65	28	0.499104
65	29	-0.0660411
65	30	0.177616
65	31	0.0221819
65	32	-0.772484
65	33	0.101441
65	34	0.420464
65	35	-0.543446
65	36	-1.21964
65	37	0.515463
66	1	-0.207284
66	2	-0.238461
66	3	-0.123171
66	4	-0.205929
66	5	-0.10688
66	6	-0.0850665
66	7	-0.254877
66	8	-0.223774
66	9	-0.381135
66	10	0.302483
66	11	-0.368062
66	12	0.103087
66	13	0.029576
66	14	0.330123
66	15	0.0168172
66	16	0.359212
66	17	0.140921
66	18	-0.0206481
66	19	0.77814
66	20	-0.0902045
66	21	0.399286
66	22	0.497343
66	23	0.174299
66	24	-1.00248
66	25	0.895326
66	26	0.183459
66	27	-1.08
66	28	0.803494
66	29	-0.454062
66	30	-0.00947432
66	31	0.411403
66	32	-0.542007
66	33	-0.186706
66	34	0.467081
66	35	0.717688
66	36	-1.14273
66	37	-0.342703
67	1	-0.350827
67	2	-0.307774
67	3	-0.0121171
67	4	0.0318581
67	5	-0.00681208
67	6	0.104228
67	7	0.00375796
67	8	-0.201209
67	9	0.135
67	10	0.341493
67	11	0.455063
67	12	0.350945
67	13	0.273766
67	14	0.497877
67	15	0.540928
67	16	0.338485
67	17	0.498267
67	18	0.122045
67	19	0.806104
67	20	0.471935
67	21	0.255418
67	22	-0.176253
67	23	-0.393533
67	24	-0.000524616
67	25	0.890483
67	26	0.509327
67	27	0.647285
67	28	-0.489395
67	29	-0.209857
67	30	0.485467
67	31	0.309693
67	32	0.355075
67	33	0.875137
67	34	0.0318938
67	35	0.355816
67	36	-0.963624
67	37	-0.703126
68	1	-0.0999701
68	2	-0.314057
68	3	0.195831
68	4	0.321998
68	5	0.160138
68	6	0.0784974
68	7	0.129939
68	8	-0.134787
68	9	0.280818
68	10	0.471278
68	11	0.321086
68	12	0.230674
68	13	0.0637034
68	14	0.566447
68	15	0.527821
68	16	0.654182
68	17	0.849865
68	18	0.609397
68	19	0.900407
68	20	0.863955
68	21	0.88552
68	22	0.969189
68	23	-1.35421
68	24	0.178116
68	25	1.29135
68	26	0.751163
68	27	-0.0919565
68	28	-2.19551
68	29	-0.121388
68	30	-0.286798
68	31	-1.50955
68	32	1.02476
68	33	1.37027
68	34	0.968032
68	35	-0.202565
68	36	-0.650642
68	37	-0.0422809
69	1	0.0134686
69	2	-0.0137481
69	3	0.0883808
69	4	0.0744375
69	5	-0.374593
69	6	0.0909043
69	7	0.0166551
69	8	0.13293
69	9	0.311529
69	10	0.426415
69	11	-0.504349
69	12	0.385937
69	13	0.607241
69	14	0.327488
69	15	0.606172
69	16	0.727816
69	17	0.481292
69	18	0.39049
69	19	0.78415
69	20	0.74991
69	21	0.476565
69	22	0.557934
69	23	0.861611
69	24	-0.0218143
69	25	-0.26267
69	26	0.958284
69	27	0.625758
69	28	0.361482
69	29	-0.317159
69	30	0.628994
69	31	1.03952
69	32	0.259698
69	33	1.01264
69	34	-0.586717
69	35	-0.55803
69	36	-0.288589
69	37	0.655551
70	1	0.130989
70	2	0.0758252
70	3	0.00854853
70	4	-0.633967
70	5	-0.0549768
70	6	-0.139196
70	7	-0.39276
70	8	0.0289849
70	9	-0.303326
70	10	0.314517
70	11	0.355338
70	12	0.190281
70	13	0.250787
70	14	-0.943274
70	15	0.367078
70	16	0.161172
70	17	0.4228
70	18	0.413194
70	19	0.638099
70	20	0.528011
70	21	0.679254
70	22	-1.80437
70	23	0.425834
70	24	-0.239956
70	25	0.299485
70	26	0.73519
70	27	0.452847
70	28	0.156019
70	29	-2.51193
70	30	-0.0628084
70	31	0.7193
70	32	-0.495596
70	33	0.9024
70	34	-1.374
70	35	-2.23508
70	36	-0.198008
70	37	-0.506584
71	1	0.477763
71	2	0.283471
71	3	-0.227699
71	4	0.00486739
71	5	0.0889658
71	6	0.050111
71	7	0.0379228
71	8	0.221541
71	9	-0.301609
71	10	0.632326
71	11	0.55514
71	12	0.333564
71	13	0.55798
71	14	0.222051
71	15	0.672105
71	16	0.820878
71	17	0.652054
71	18	-0.312314
71	19	0.838361
71	20	0.639026
71	21	0.93211
71	22	0.350634
71	23	0.862674
71	24	0.865831
71	25	0.642818
71	26	0.917148
71	27	1.29827
71	28	0.800272
71	29	-1.17391
71	30	-0.161764
71	31	1.46731
71	32	0.869921
71	33	1.463
71	34	0.830291
71	35	-0.133416
71	36	0.483465
71	37	0.523452
72	1	-0.578524
72	2	-0.30916
72	3	0.146973
72	4	0.247312
72	5	0.119222
72	6	-0.290967
72	7	0.123763
72	8	-0.0141682
72	9	-0.273132
72	10	0.328349
72	11	-0.237638
72	12	0.335375
72	13	0.588573
72	14	0.430794
72	15	-0.15757
72	16	0.0775238
72	17	-0.0570345
72	18	0.726365
72	19	0.720587
72	20	0.507648
72	21	0.576116
72	22	0.795496
72	23	-1.06043
72	24	-1.25569
72	25	0.4228
72	26	0.323534
72	27	-0.617742
72	28	0.681545
72	29	-1.42323
72	30	0.819008
72	31	0.57465
72	32	1.394
72	33	0.0960889
72	34	-0.0915527
72	35	0.835672
72	36	0.640718
72	37	0.917202
73	1	-0.00437548
73	2	-0.095585
73	3	-0.13384
73	4	0.053976
73	5	-0.301917
73	6	-0.270706
73	7	-0.212926
73	8	0.00482262
73	9	-0.0593878
73	10	-0.334154
73	11	0.32236
73	12	0.0350415
73	13	0.148511
73	14	-0.385811
73	15	0.405947
73	16	0.148053
73	17	0.49012
73	18	0.528116
73	19	0.669017
73	20	0.32359
73	21	-0.0457913
73	22	0.401634
73	23	0.473976
73	24	0.985119
73	25	0.308097
73	26	-0.932273
73	27	0.175612
73	28	0.278697
73	29	1.02122
73	30	0.412783
73	31	1.58153
73	32	0.359627
73	33	1.16792
73	34	0.0380556
73	35	-0.761398
73	36	1.45635
73	37	1.92446
74	1	-0.296043
74	2	-0.187232
74	3	-0.206028
74	4	-1.05786
74	5	-0.324843
74	6	-0.691533
74	7	-0.268308
74	8	-0.31803
74	9	0.075328
74	10	-0.368973
74	11	0.186391
74	12	-0.204739
74	13	-0.255451
74	14	-0.155457
74	15	-0.0935593
74	16	0.422652
74	17	0.461951
74	18	0.285571
74	19	0.548729
74	20	0.0527485
74	21	0.134534
74	22	0.408318
74	23	0.290246
74	24	0.378281
74	25	-1.88487
74	26	0.485505
74	27	-0.875127
74	28	-0.655301
74	29	0.158594
74	30	0.426925
74	31	1.23676
74	32	1.22554
74	33	0.587064
74	34	1.22943
74	35	0.0791329
74	36	1.00782
74	37	1.12028
75	1	-0.436528
75	2	0.326646
75	3	0.310538
75	4	0.285819
75	5	0.232993
75	6	0.289025
75	7	0.0261731
75	8	0.0683895
75	9	0.273831
75	10	0.411995
75	11	0.573502
75	12	-0.394771
75	13	0.150879
75	14	0.413138
75	15	0.346068
75	16	0.864633
75	17	0.484776
75	18	0.608296
75	19	0.667362
75	20	0.465247
75	21	0.127942
75	22	0.750901
75	23	0.77112
75	24	0.758853
75	25	0.483297
75	26	-2.52231
75	27	-2.60294
75	28	-1.65701
75	29	1.16883
75	30	0.726294
75	31	1.33194
75	32	0.278378
75	33	1.01756
75	34	0.497107
75	35	0.560947
75	36	1.11222
75	37	1.23372
76	1	-0.676731
76	2	0.030685
76	3	-0.867069
76	4	0.0686538
76	5	-0.116943
76	6	0.0654152
76	7	-0.0702204
76	8	0.00931526
76	9	0.0277549
76	10	0.248974
76	11	0.373283
76	12	0.475803
76	13	0.260836
76	14	-0.030131
76	15	0.212797
76	16	0.105119
76	17	0.305864
76	18	-1.61322
76	19	0.302752
76	20	0.737478
76	21	-0.980276
76	22	0.387918
76	23	0.507601
76	24	0.878716
76	25	0.39201
76	26	-0.613572
76	27	0.910046
76	28	0.155069
76	29	0.782255
76	30	0.0331137
76	31	1.09092
76	32	0.968453
76	33	0.944708
76	34	0.280222
76	35	1.12709
76	36	0.706298
76	37	-0.0227317
77	1	-0.461291
77	2	-0.174775
77	3	0.154191
77	4	-0.00408904
77	5	-0.255022
77	6	0.0232603
77	7	0.0357565
77	8	-0.308296
77	9	0.0550355
77	10	-0.193505
77	11	0.228095
77	12	0.153788
77	13	0.202575
77	14	0.049601
77	15	0.168434
77	16	0.495039
77	17	-0.236849
77	18	-0.500329
77	19	0.117646
77	20	-0.127865
77	21	0.585585
77	22	0.200151
77	23	-1.09423
77	24	0.543335
77	25	0.882849
77	26	-1.16668
77	27	0.638938
77	28	1.08178
77	29	0.837165
77	30	0.54816
77	31	-0.626477
77	32	0.325077
77	33	1.23763
77	34	0.943449
77	35	1.68069
77	36	0.718804
77	37	1.36007
78	1	-0.639345
78	2	-0.0731655
78	3	-0.299802
78	4	0.270631
78	5	-0.229658
78	6	0.0913181
78	7	0.202968
78	8	-0.430012
78	9	-0.0232445
78	10	0.151853
78	11	0.416902
78	12	0.308033
78	13	0.181058
78	14	0.375932
78	15	0.195994
78	16	0.17679
78	17	-0.54269
78	18	0.262254
78	19	0.415895
78	20	0.453866
78	21	0.535751
78	22	0.578192
78	23	0.736553
78	24	-0.632804
78	25	0.892362
78	26	-0.329369
78	27	0.417946
78	28	0.918152
78	29	-1.25086
78	30	0.297697
78	31	0.487995
78	32	-0.194092
78	33	0.776463
78	34	0.852045
78	35	-1.34421
78	36	0.814771
78	37	1.22283
79	1	0.492629
79	2	0.0654128
79	3	-0.122384
79	4	0.249693
79	5	0.114859
79	6	-0.579022
79	7	-0.168397
79	8	-0.0610634
79	9	-0.0505184
79	10	0.18941
79	11	-0.353403
79	12	0.424407
79	13	0.264624
79	14	0.349085
79	15	0.414566
79	16	0.242899
79	17	-0.644277
79	18	0.576804
79	19	0.611363
79	20	0.44003
79	21	-0.0247541
79	22	0.370665
79	23	-1.11051
79	24	0.481622
79	25	-0.787891
79	26	-0.641932
79	27	0.669523
79	28	1.47694
79	29	0.350329
79	30	-0.823822
79	31	1.62168
79	32	0.882229
79	33	-0.195276
79	34	-0.0315806
79	35	1.1475
79	36	1.49721
79	37	1.33045
80	1	-0.451653
80	2	-0.108407
80	3	-0.158323
80	4	-0.376103
80	5	-0.20384
80	6	-0.340868
80	7	-0.0103038
80	8	-0.173603
80	9	0.0478527
80	10	0.20559
80	11	-0.0768536
80	12	-0.0816033
80	13	0.213157
80	14	0.0101126
80	15	0.0275622
80	16	0.117302
80	17	0.322854
80	18	0.388545
80	19	0.162024
80	20	0.634286
80	21	0.513173
80	22	0.320296
80	23	0.43749
80	24	0.809565
80	25	0.907674
80	26	0.578229
80	27	0.595459
80	28	-0.844734
80	29	0.777374
80	30	0.763661
80	31	-0.612015
80	32	-0.218063
80	33	0.508666
80	34	0.677711
80	35	-0.582292
80	36	1.32308
80	37	0.398312
81	1	0.265475
81	2	0.371592
81	3	0.211368
81	4	-0.377521
81	5	-0.123127
81	6	0.0983784
81	7	0.0358572
81	8	0.279193
81	9	0.1253
81	10	0.126967
81	11	0.48188
81	12	0.457387
81	13	0.283281
81	14	0.334974
81	15	0.290984
81	16	0.498833
81	17	0.671943
81	18	0.635275
81	19	0.922098
81	20	0.292076
81	21	0.701487
81	22	0.541111
81	23	1.01475
81	24	-0.360675
81	25	0.0825357
81	26	0.752793
81	27	0.472189
81	28	0.878641
81	29	0.463807
81	30	0.231758
81	31	0.430241
81	32	0.914769
81	33	1.45013
81	34	0.695463
81	35	1.2201
81	36	-1.20497
81	37	1.37044
82	1	0.710009
82	2	0.231866
82	3	0.221617
82	4	0.225802
82	5	-0.278784
82	6	-0.0567078
82	7	0.141996
82	8	0.365533
82	9	0.337552
82	10	0.361112
82	11	0.36222
82	12	0.563082
82	13	0.324541
82	14	0.427732
82	15	0.579467
82	16	0.952524
82	17	0.754148
82	18	0.640539
82	19	0.320943
82	20	-0.0835205
82	21	0.25717
82	22	0.0746979
82	23	0.0389992
82	24	0.379355
82	25	-0.00526239
82	26	1.28913
82	27	0.960748
82	28	0.790234
82	29	-0.184557
82	30	0.946002
82	31	0.523582
82	32	0.225195
82	33	0.964251
82	34	0.195057
82	35	0.180615
82	36	0.959023
82	37	1.33031
83	1	0.475264
83	2	0.0904126
83	3	0.121365
83	4	-0.284281
83	5	-0.0377393
83	6	-0.149121
83	7	-0.0164491
83	8	0.18838
83	9	0.0389889
83	10	0.454633
83	11	0.442448
83	12	0.128953
83	13	0.307503
83	14	0.354346
83	15	-0.105682
83	16	0.661205
83	17	0.556282
83	18	0.601969
83	19	0.0889332
83	20	0.596957
83	21	0.449813
83	22	-0.272094
83	23	0.943474
83	24	0.10094
83	25	0.837301
83	26	1.12547
83	27	0.473927
83	28	1.246
83	29	1.01773
83	30	0.429665
83	31	1.35559
83	32	1.11048
83	33	1.5289
83	34	1.40995
83	35	-0.0617198
83	36	1.70488
83	37	0.586269
84	1	0.437377
84	2	-0.0847232
84	3	0.189127
84	4	-0.0161704
84	5	0.152396
84	6	0.262108
84	7	0.246561
84	8	0.20291
84	9	0.105123
84	10	0.330225
84	11	-0.183835
84	12	0.623465
84	13	0.25452
84	14	-0.0145725
84	15	-0.0180871
84	16	0.522692
84	17	0.34423
84	18	0.848218
84	19	0.63249
84	20	0.881975
84	21	0.505378
84	22	0.173699
84	23	1.02305
84	24	0.967986
84	25	0.69764
84	26	1.51806
84	27	0.156708
84	28	0.0780464
84	29	0.742588
84	30	0.673164
84	31	1.56923
84	32	1.39137
84	33	0.807959
84	34	1.65678
84	35	0.0810073
84	36	1.36602
84	37	0.186139
85	1	-0.225017
85	2	0.187261
85	3	0.264151
85	4	0.366558
85	5	0.415348
85	6	0.274928
85	7	0.298928
85	8	0.0982223
85	9	0.460902
85	10	0.613215
85	11	0.162449
85	12	0.294471
85	13	0.529216
85	14	0.842669
85	15	0.0218005
85	16	0.764068
85	17	0.188088
85	18	0.829469
85	19	-0.238921
85	20	0.860156
85	21	0.530587
85	22	0.84596
85	23	0.733733
85	24	0.995125
85	25	0.633152
85	26	1.13064
85	27	-0.217442
85	28	0.979135
85	29	0.102416
85	30	1.15894
85	31	1.33945
85	32	0.671267
85	33	0.289662
85	34	1.57428
85	35	0.52981
85	36	0.533203
85	37	-0.414063
86	1	-0.624251
86	2	0.0344701
86	3	0.0182601
86	4	0.266543
86	5	0.213346
86	6	0.355213
86	7	-0.868999
86	8	0.247651
86	9	0.0135939
86	10	0.473207
86	11	0.351224
86	12	0.115223
86	13	0.460942
86	14	0.480741
86	15	0.387221
86	16	0.59992
86	17	0.634125
86	18	0.462877
86	19	0.759369
86	20	0.665901
86	21	0.524646
86	22	0.612256
86	23	0.399184
86	24	0.829876
86	25	0.93733
86	26	1.14417
86	27	0.97128
86	28	1.10939
86	29	1.43246
86	30	0.979451
86	31	1.66039
86	32	0.919639
86	33	0.936994
86	34	1.23562
86	35	-1.7026
86	36	0.374706
86	37	-0.246486
87	1	0.20814
87	2	0.190455
87	3	0.0954932
87	4	0.147938
87	5	0.143037
87	6	0.25915
87	7	-0.0381929
87	8	-0.21242
87	9	0.225929
87	10	0.381498
87	11	0.445493
87	12	0.346587
87	13	-0.0119437
87	14	0.150566
87	15	0.272927
87	16	-0.735364
87	17	0.496248
87	18	0.625962
87	19	0.534174
87	20	0.231444
87	21	0.728865
87	22	0.821177
87	23	0.626949
87	24	1.30764
87	25	1.15839
87	26	-0.398648
87	27	1.03072
87	28	0.76117
87	29	1.05122
87	30	0.326704
87	31	0.798385
87	32	-1.51583
87	33	0.779307
87	34	0.623233
87	35	0.0764853
87	36	1.23291
87	37	1.29284
88	1	0.425749
88	2	0.160351
88	3	-0.133198
88	4	0.109876
88	5	-0.0515787
88	6	0.0433764
88	7	0.182333
88	8	0.0894216
88	9	0.148865
88	10	0.350944
88	11	0.420435
88	12	0.409765
88	13	0.419171
88	14	0.508556
88	15	0.597177
88	16	0.691867
88	17	0.523828
88	18	0.528704
88	19	-0.0160094
88	20	0.802271
88	21	1.05781
88	22	0.944058
88	23	-0.613189
88	24	0.425618
88	25	0.290664
88	26	1.05332
88	27	0.888357
88	28	0.961514
88	29	0.600241
88	30	0.798915
88	31	1.44878
88	32	1.35287
88	33	1.03248
88	34	1.87378
88	35	1.78908
88	36	-1.16379
88	37	-0.718851
89	1	0.41017
89	2	0.219366
89	3	-0.245553
89	4	-0.199943
89	5	-0.00676312
89	6	0.148465
89	7	0.254718
89	8	0.021994
89	9	0.239666
89	10	0.523592
89	11	0.24034
89	12	0.121073
89	13	0.5462
89	14	0.497196
89	15	0.748106
89	16	0.443405
89	17	-0.0197854
89	18	0.267149
89	19	0.577304
89	20	0.992969
89	21	-0.914892
89	22	-0.0586757
89	23	0.433303
89	24	1.0421
89	25	1.6828
89	26	0.232369
89	27	0.404629
89	28	1.11713
89	29	0.48839
89	30	0.475752
89	31	1.55516
89	32	0.15575
89	33	-0.446196
89	34	-0.693611
89	35	-2.10727
89	36	1.32976
89	37	0.792727
90	1	0.50497
90	2	0.104593
90	3	-0.0174406
90	4	-0.112894
90	5	-0.102834
90	6	0.288831
90	7	-0.200091
90	8	0.143274
90	9	0.206744
90	10	0.308347
90	11	0.449786
90	12	0.475912
90	13	0.289128
90	14	-0.18166
90	15	0.489039
90	16	0.505807
90	17	0.492616
90	18	0.543725
90	19	-0.00258953
90	20	0.407725
90	21	0.675905
90	22	-0.837327
90	23	0.659105
90	24	1.0593
90	25	1.07499
90	26	0.381376
90	27	1.08814
90	28	0.645669
90	29	0.439505
90	30	0.694499
90	31	-0.634896
90	32	0.629884
90	33	1.30642
90	34	0.87447
90	35	-0.946501
90	36	1.00851
90	37	1.07379
91	1	0.0384477
91	2	0.286716
91	3	0.124438
91	4	0.305784
91	5	0.157018
91	6	0.189456
91	7	0.167569
91	8	0.014254
91	9	0.253866
91	10	0.447179
91	11	0.421744
91	12	0.474501
91	13	0.13261
91	14	0.554319
91	15	0.646839
91	16	0.332903
91	17	0.48391
91	18	0.392082
91	19	0.553351
91	20	0.762159
91	21	0.334859
91	22	0.171876
91	23	0.284326
91	24	0.857309
91	25	0.987595
91	26	0.706019
91	27	0.216568
91	28	0.496142
91	29	1.30032
91	30	0.997722
91	31	1.09893
91	32	-1.18265
91	33	1.28255
91	34	-1.32981
91	35	0.518049
91	36	0.582612
91	37	0.250414
92	1	-0.745189
92	2	-0.296955
92	3	0.0634805
92	4	-0.0589686
92	5	-0.119311
92	6	-0.105508
92	7	0.0666519
92	8	-0.205596
92	9	0.0220488
92	10	0.248243
92	11	0.243855
92	12	0.0149703
92	13	0.194875
92	14	-0.00144679
92	15	-0.821369
92	16	-0.21301
92	17	0.158035
92	18	0.00928801
92	19	0.280955
92	20	-0.0144605
92	21	0.289106
92	22	0.300524
92	23	-0.17036
92	24	0.458276
92	25	0.508028
92	26	0.690807
92	27	0.279989
92	28	0.51981
92	29	0.790704
92	30	0.355285
92	31	0.939657
92	32	-0.52641
92	33	0.989231
92	34	-0.282173
92	35	-1.38072
92	36	-0.708242
92	37	-0.300472
93	1	0.413408
93	2	0.143179
93	3	0.0069833
93	4	0.270929
93	5	0.0951892
93	6	0.297922
93	7	0.192275
93	8	0.282053
93	9	0.294166
93	10	-19.1497
93	11	-16.0958
93	12	-16.6146
93	13	-16.3121
93	14	-16.4994
93	15	-16.3118
93	16	-16.2951
93	17	-15.9399
93	18	-18.6055
93	19	-15.7751
93	20	-11.1077
93	21	-15.9412
93	22	-15.4475
93	23	-15.2247
93	24	-15.5673
93	25	-14.8019
93	26	-15.2535
93	27	-15.2727
93	28	-15.0277
93	29	-14.0951
93	30	-14.4501
93	31	-14.184
93	32	-14.8434
93	33	-13.6079
93	34	-13.5289
93	35	-13.012
93	36	-12.8213
93	37	-12.375
94	1	0.604774
94	2	0.300484
94	3	0.0428994
94	4	-0.0876848
94	5	0.0672683
94	6	0.243775
94	7	0.176612
94	8	0.277714
94	9	-0.0112012
94	10	0.501365
94	11	0.276267
94	12	0.288967
94	13	0.146
94	14	0.318224
94	15	0.515004
94	16	0.405437
94	17	-0.252957
94	18	0.37693
94	19	-0.865366
94	20	0.446218
94	21	-0.0598403
94	22	0.291952
94	23	-0.303078
94	24	0.285263
94	25	0.668712
94	26	0.885298
94	27	0.358047
94	28	1.07743
94	29	-0.484571
94	30	0.155456
94	31	-0.0444532
94	32	0.944246
94	33	0.0636145
94	34	1.17347
94	35	0.974893
94	36	0.894394
94	37	-0.0129082
95	1	0.145641
95	2	0.262728
95	3	0.255988
95	4	0.49635
95	5	0.262359
95	6	0.314197
95	7	0.193969
95	8	0.199584
95	9	0.132921
95	10	0.462974
95	11	0.14852
95	12	0.122627
95	13	0.563258
95	14	0.475724
95	15	0.615204
95	16	0.049957
95	17	0.227062
95	18	0.529938
95	19	0.205986
95	20	0.991056
95	21	0.699046
95	22	-0.0491853
95	23	0.974958
95	24	0.722534
95	25	1.50032
95	26	1.49048
95	27	1.19346
95	28	-0.275652
95	29	1.01369
95	30	0.386477
95	31	0.962496
95	32	0.879153
95	33	1.53593
95	34	1.01926
95	35	1.51932
95	36	1.37175
95	37	-0.885512
96	1	-0.408656
96	2	0.11587
96	3	0.0768644
96	4	0.363728
96	5	0.287575
96	6	-0.161864
96	7	0.163643
96	8	0.21557
96	9	0.0842159
96	10	0.420977
96	11	0.358174
96	12	0.479334
96	13	0.333952
96	14	0.535971
96	15	0.350949
96	16	0.430756
96	17	0.392721
96	18	0.286664
96	19	0.582146
96	20	0.53196
96	21	0.397091
96	22	0.478163
96	23	0.0888255
96	24	0.340332
96	25	0.851539
96	26	1.17568
96	27	0.534539
96	28	0.829282
96	29	0.484694
96	30	0.462309
96	31	-0.0236402
96	32	-1.04074
96	33	-0.490701
96	34	0.158288
96	35	1.37848
96	36	-0.0153114
96	37	0.670304
97	1	-0.170384
97	2	0.0552989
97	3	0.0707737
97	4	0.282214
97	5	0.132978
97	6	-0.0544508
97	7	-0.0495029
97	8	0.0712493
97	9	0.138597
97	10	0.249656
97	11	0.508887
97	12	0.318108
97	13	0.0125629
97	14	0.315545
97	15	-0.00656461
97	16	0.339172
97	17	0.405712
97	18	0.243391
97	19	0.382648
97	20	0.681044
97	21	-0.296925
97	22	0.0497939
97	23	0.258611
97	24	0.0803902
97	25	-0.195945
97	26	0.126103
97	27	-0.190593
97	28	-0.4198
97	29	0.155079
97	30	0.419017
97	31	-1.01632
97	32	0.443463
97	33	0.000948258
97	34	-0.4015
97	35	-1.03422
97	36	0.54297
97	37	-0.876208
98	1	0.0784336
98	2	0.246303
98	3	0.140924
98	4	0.150149
98	5	0.365283
98	6	0.190097
98	7	0.242862
98	8	0.0569921
98	9	0.135616
98	10	0.277558
98	11	0.388093
98	12	0.482039
98	13	0.176623
98	14	0.447943
98	15	-0.0267139
98	16	0.442846
98	17	0.411942
98	18	-0.205656
98	19	0.119792
98	20	0.252559
98	21	0.116923
98	22	0.177684
98	23	0.184734
98	24	0.48622
98	25	0.361655
98	26	0.56068
98	27	0.715709
98	28	-0.0311607
98	29	-1.89737
98	30	-0.172703
98	31	0.704598
98	32	-0.309862
98	33	-0.889386
98	34	0.246252
98	35	0.850405
98	36	0.848752
98	37	0.99412
99	1	0.0717209
99	2	0.067253
99	3	0.203958
99	4	-0.0316404
99	5	0.112299
99	6	0.146737
99	7	0.345823
99	8	0.0630708
99	9	0.275651
99	10	0.175313
99	11	0.332792
99	12	0.21385
99	13	0.399076
99	14	0.0302109
99	15	0.423209
99	16	-0.0279001
99	17	-0.10207
99	18	-0.642615
99	19	0.727162
99	20	0.0203061
99	21	0.904677
99	22	0.612262
99	23	0.396591
99	24	0.966928
99	25	1.23749
99	26	0.948361
99	27	0.00367408
99	28	0.17506
99	29	-0.427777
99	30	0.191021
99	31	-0.935805
99	32	-0.477939
99	33	1.06182
99	34	0.518052
99	35	-0.175208
99	36	-0.0318623
99	37	-0.455387
100	1	0.641727
100	2	0.297217
100	3	0.11808
100	4	0.57732
100	5	0.295896
100	6	0.287583
100	7	0.325928
100	8	0.231301
100	9	0.212594
100	10	0.595838
100	11	0.326854
100	12	0.520148
100	13	0.349472
100	14	0.435132
100	15	-0.00209826
100	16	0.525247
100	17	0.0335477
100	18	0.250327
100	19	-0.116727
100	20	-0.148649
100	21	0.505889
100	22	0.586129
100	23	0.744945
100	24	-0.80496
100	25	-0.346818
100	26	0.763861
100	27	0.11047
100	28	0.421883
100	29	1.11561
100	30	-0.41355
100	31	0.687513
100	32	0.409823
100	33	1.17173
100	34	0.792544
100	35	-0.818869
100	36	-0.875118
100	37	0.703108
>>END_MODULE
>>Per sequence quality scores	pass
#Quality	Count
0	3396
1	96
2	60
3	65
4	58
5	48
6	78
7	88
8	107
9	133
10	151
11	286
12	1714
13	2333
14	1336
15	682
16	469
17	476
18	569
19	640
20	842
21	993
22	1343
23	1631
24	2190
25	2721
26	3677
27	4834
28	6415
29	8551
30	11456
31	15284
32	20399
33	27764
34	38279
35	55110
36	82470
37	130720
38	217604
39	319435
40	93154
>>END_MODULE
>>Per base sequence content	fail
#Base	G	A	T	C
1	40.6649	6.81279	9.09889	42.8628
2	29.0135	13.9248	27.8817	28.7935
3	26.9863	18.9017	18.4201	35.3127
4	35.3673	21.4814	16.6771	26.0871
5	30.6746	26.9516	21.5643	20.4147
6	25.0556	31.6788	20.5415	22.3367
7	22.5162	16.2353	35.7555	25.1281
8	24.4345	21.6493	25.8103	27.7096
9	24.5835	19.7971	28.3936	26.8394
10	26.0151	31.0637	20.914	21.1438
11	29.1326	23.8744	18.8125	27.8334
12	26.5315	20.4488	24.8589	27.8089
13	26.4151	22.7493	25.1982	25.2913
14	25.6159	23.5507	24.8811	25.6163
15	25.2599	23.738	24.5471	26.1008
16	26.6869	22.8082	23.6116	26.5262
17	26.3604	23.6825	23.856	25.7237
18	25.304	23.6693	24.2523	25.9002
19	26.8025	22.5339	23.6014	26.7074
20	26.2166	23.688	23.9529	25.7847
21	25.5816	23.4395	24.5607	26.0482
22	26.6795	22.6622	23.5249	26.7582
23	26.2938	23.4646	24.0454	25.8331
24	25.3805	23.4795	24.5751	26.2008
25	26.4604	22.7164	23.4526	26.5755
26	26.0694	23.6709	23.8229	25.6351
27	25.8098	23.554	24.2237	26.0318
28	26.9362	22.4698	23.5121	26.7039
29	26.0919	23.5889	24.0235	25.9119
30	25.9263	23.4103	24.0703	26.2006
31	26.4108	22.6046	23.7278	26.8683
32	26.4341	23.5062	23.8349	25.8647
33	25.6433	23.4603	24.4483	26.0659
34	26.9108	22.6724	23.3837	26.6625
35	26.3916	23.5109	23.8863	25.8418
36	25.7143	23.3169	24.2908	26.2951
37	26.9811	22.5249	23.3882	26.7295
>>END_MODULE
>>Per sequence GC content	warn
#GC Content	Count
0	3606
1	1876
2	146
3	146
4	152.5
5	159
6	159
7	158.5
8	158
9	228
10	298
11	298
12	428
13	558
14	558
15	899.5
16	1241
17	1241
18	1807
19	2373
20	3207
21	4041
22	4041
23	5474
24	6907
25	6907
26	8051
27	9195
28	11255.5
29	13316
30	13316
31	15751.5
32	18187
33	18187
34	21116
35	24045
36	27508.5
37	30972
38	30972
39	35625
40	40278
41	40278
42	45592.5
43	50907
44	50907
45	57237
46	63567
47	71723
48	79879
49	79879
50	87709.5
51	95540
52	95540
53	100948
54	106356
55	109244
56	112132
57	112132
58	109683
59	107234
60	107234
61	100540
62	93847
63	93847
64	83904
65	73961
66	62482.5
67	51004
68	51004
69	41709.5
70	32415
71	32415
72	25426
73	18437
74	13714.5
75	8992
76	8992
77	6535
78	4078
79	4078
80	3036
81	1994
82	1484
83	974
84	974
85	690
86	406
87	406
88	314.5
89	223
90	223
91	161
92	99
93	85.5
94	72
95	72
96	55.5
97	39
98	39
99	30
100	21
>>END_MODULE
>>Per base N content	pass
#Base	N-Count
1	0.560673
2	0.386515
3	0.379329
4	0.386987
5	0.39493
6	0.387366
7	0.364863
8	0.396348
9	0.38642
10	0.863512
11	0.347088
12	0.35191
13	0.346142
14	0.335931
15	0.354179
16	0.367132
17	0.377344
18	0.874291
19	0.354841
20	0.357772
21	0.369874
22	0.375169
23	0.363067
24	0.364012
25	0.795059
26	0.801678
27	0.380653
28	0.378005
29	0.383773
30	0.392471
31	0.3885
32	0.360136
33	0.382165
34	0.370631
35	0.369307
36	0.382922
37	0.376398
>>END_MODULE
>>Sequence Length Distribution	pass
#Length	Count
37	1057657.0
>>END_MODULE
>>Sequence Duplication Levels	pass
#Total Deduplicated Percentage	74.8327
#Duplication Level	Percentage of deduplicated	Percentage of total
1	88.327	66.0975
2	6.72562	10.0659
3	1.92999	4.33279
4	0.889779	2.66338
5	0.547985	2.05036
6	0.34813	1.56309
7	0.23496	1.23079
8	0.187689	1.12362
9	0.132307	0.891082
>10	0.650131	8.02714
>50	0.0212908	1.04377
>100	0.00494251	0.592917
>500	0	0
>1k	0.000126731	0.317607
>5k	0	0
>10k+	0	0
>>END_MODULE
>>Overrepresented sequences	warn
#Sequence	Count	Percentage	Possible Source
NNNNNNNNNNNNNNNNNNNNNNNNNNNNNNNNNNNNN	3349	0.316643	
>>END_MODULE
>>Adapter Content	pass
#Position	Illumina Universal Adapter	Illumina Small RNA 3' Adapter	Illumina Small RNA 5' Adapter	Nextera Transposase Sequence	PolyA	PolyG
1	9.45486e-05	0	0	0	0.0217462	0.00066184
2	9.45486e-05	0	0	0	0.0234481	0.00066184
3	9.45486e-05	0	0	0	0.0242044	0.000756389
4	0.000472743	0	0	0	0.0249608	0.000850937
5	0.000472743	0	9.45486e-05	0	0.0260009	0.00179642
6	0.000472743	0	9.45486e-05	0	0.0269464	0.00293101
7	0.000472743	0	0.000283646	0	0.0276082	0.00416014
8	0.00066184	0	0.000472743	0	0.0290264	0.00453833
9	0.00066184	0	0.000567292	0	0.0300665	0.00557837
10	0.00066184	0	0.000567292	0	0.0313901	0.00633476
11	0.000756389	0	0.000756389	0	0.0324302	0.00728024
12	0.000850937	0	0.000850937	0	0.0329029	0.00898212
13	0.000850937	0	0.000850937	0	0.0345102	0.00973851
14	0.000850937	0	0.000850937	0	0.0358339	0.0105894
15	0.00122913	0	0.000850937	0	0.0367794	0.0118186
16	0.00122913	0	0.000850937	0	0.0376303	0.0132368
17	0.00122913	0	0.000850937	0	0.0382922	0.014655
18	0.00141823	0	0.000850937	0	0.0394268	0.0164515
19	0.00170187	0	0.000850937	9.45486e-05	0.0400886	0.0186261
20	0.00482198	0	0.000850937	9.45486e-05	0.0410341	0.0208952
21	0.00642931	0	0.000850937	9.45486e-05	0.0412232	0.0242044
22	0.0104949	0	0.000850937	9.45486e-05	0.0416959	0.02619
23	0.018437	0	0.000850937	9.45486e-05	0.0425469	0.0297828
24	0.0254336	0	0.000850937	9.45486e-05	0.0432087	0.0327138
25	0.0346993	0	0.000850937	9.45486e-05	0.043776	0.0363067
26	0.0464234	0	0.000945486	9.45486e-05	0.0439651	0.039805
27	0.0464234	0	0.000945486	9.45486e-05	0.0439651	0.039805
28	0.0464234	0	0.000945486	9.45486e-05	0.0439651	0.039805
29	0.0464234	0	0.000945486	9.45486e-05	0.0439651	0.039805
30	0.0464234	0	0.000945486	9.45486e-05	0.0439651	0.039805
31	0.0464234	0	0.000945486	9.45486e-05	0.0439651	0.039805
32	0.0464234	0	0.000945486	9.45486e-05	0.0439651	0.039805
33	0.0464234	0	0.000945486	9.45486e-05	0.0439651	0.039805
34	0.0464234	0	0.000945486	9.45486e-05	0.0439651	0.039805
35	0.0464234	0	0.000945486	9.45486e-05	0.0439651	0.039805
36	0.0464234	0	0.000945486	9.45486e-05	0.0439651	0.039805
37	0.0464234	0	0.000945486	9.45486e-05	0.0439651	0.039805
>>END_MODULE
